commune,population_Jan,birth_alive,death,natrual_increase,arrivals,departure,migratory_balance,divergence_statistic,population_Dec,variation_num,variation_ratio
......0001,1977,10,7,3,129,165,-36,-3,1941,-36,-1.820940819
......0002,11900,128,93,35,1239,1029,210,1,12146,246,2.067226891
......0003,5435,47,25,22,374,322,52,3,5512,77,1.41674333
......0004,3571,27,20,7,298,217,81,5,3664,93,2.604312518
......0005,3687,31,20,11,224,231,-7,3,3694,7,0.189856252
......0006,1110,10,10,0,108,90,18,-3,1125,15,1.351351351
......0007,2168,21,11,10,253,123,130,-3,2305,137,6.319188192
......0008,626,9,5,4,59,52,7,4,641,15,2.396166134
......0009,4861,60,20,40,363,388,-25,10,4886,25,0.51429747
......0010,5131,46,25,21,551,347,204,0,5356,225,4.385110115
......0011,2591,15,14,1,178,197,-19,-4,2569,-22,-0.849093014
......0012,1078,6,4,2,85,64,21,2,1103,25,2.319109462
......0013,3646,48,16,32,325,292,33,6,3717,71,1.94733955
......0014,5123,59,40,19,315,345,-30,0,5112,-11,-0.214717939
......0021,666,15,3,12,38,44,-6,-7,665,-1,-0.15015015
......0022,857,7,10,-3,58,57,1,3,858,1,0.116686114
......0023,567,7,5,2,33,34,-1,-4,564,-3,-0.529100529
......0024,957,15,2,13,73,71,2,-1,971,14,1.462904911
......0025,1998,11,11,0,79,145,-66,4,1936,-62,-3.103103103
......0026,629,7,4,3,94,40,54,1,687,58,9.220985692
......0027,3596,36,35,1,295,245,50,-6,3641,45,1.251390434
......0028,1362,21,9,12,139,121,18,-2,1390,28,2.055800294
......0029,1434,15,9,6,97,99,-2,2,1440,6,0.418410042
......0030,2224,20,25,-5,149,161,-12,1,2208,-16,-0.71942446
......0031,2242,15,11,4,131,110,21,1,2268,26,1.159678858
......0032,496,1,3,-2,27,36,-9,1,486,-10,-2.016129032
......0033,2067,21,11,10,136,139,-3,2,2076,9,0.435413643
......0034,1650,13,12,1,89,73,16,1,1668,18,1.090909091
......0035,1938,15,15,0,154,131,23,-4,1957,19,0.980392157
......0036,1191,11,9,2,95,85,10,-6,1197,6,0.503778338
......0037,1456,16,6,10,170,70,100,1,1567,111,7.623626374
......0038,1302,9,14,-5,83,78,5,-3,1299,-3,-0.230414747
......0039,919,12,4,8,76,75,1,1,929,10,1.088139282
......0040,1064,8,5,3,78,86,-8,0,1059,-5,-0.469924812
......0041,469,2,1,1,25,19,6,2,478,9,1.918976546
......0042,899,9,5,4,53,65,-12,0,891,-8,-0.889877642
......0043,341,7,5,2,28,27,1,-2,342,1,0.293255132
......0044,657,7,5,2,49,49,0,-1,658,1,0.152207002
......0051,4087,37,23,14,324,308,16,-3,4114,27,0.66063127
......0052,11616,125,59,66,808,830,-22,-5,11655,39,0.335743802
......0053,19611,234,134,100,1701,1516,185,-8,19888,277,1.412472592
......0054,7568,79,43,36,623,522,101,-3,7702,134,1.770613108
......0055,5167,62,28,34,346,346,0,-13,5188,21,0.406425392
......0056,9189,91,65,26,997,869,128,89,9432,243,2.64446621
......0057,2342,16,11,5,199,169,30,-1,2376,34,1.451750641
......0058,5069,69,22,47,450,362,88,-14,5190,121,2.387058591
......0059,1962,17,11,6,126,162,-36,2,1934,-28,-1.427115189
......0060,2706,46,24,22,277,262,15,-5,2738,32,1.18255728
......0061,1025,4,4,0,44,39,5,-3,1027,2,0.195121951
......0062,19086,229,142,87,1887,1621,266,-31,19408,322,1.687100493
......0063,2210,25,11,14,299,143,156,1,2381,171,7.737556561
......0064,5600,57,34,23,356,368,-12,0,5611,11,0.196428571
......0065,1069,10,5,5,118,149,-31,15,1058,-11,-1.028999065
......0066,19599,282,131,151,2391,2104,287,-59,19978,379,1.933772131
......0067,4400,32,31,1,389,307,82,0,4483,83,1.886363636
......0068,2814,33,13,20,241,237,4,3,2841,27,0.959488273
......0069,15934,205,110,95,1323,1432,-109,19,15939,5,0.03137944
......0070,562,4,3,1,28,18,10,1,574,12,2.135231317
......0071,1372,10,7,3,120,90,30,2,1407,35,2.551020408
......0072,4391,54,31,23,449,320,129,-3,4540,149,3.393304486
......0081,605,6,3,3,28,45,-17,2,593,-12,-1.983471074
......0082,1327,9,6,3,117,72,45,-2,1373,46,3.466465712
......0083,6359,65,24,41,472,551,-79,-6,6315,-44,-0.691932694
......0084,4080,42,21,21,280,261,19,-2,4118,38,0.931372549
......0085,1884,14,9,5,111,119,-8,-2,1879,-5,-0.265392781
......0086,5992,56,37,19,547,593,-46,1,5966,-26,-0.433911883
......0087,920,17,3,14,45,53,-8,4,930,10,1.086956522
......0088,3128,22,17,5,222,201,21,-3,3151,23,0.735294118
......0089,4914,43,28,15,398,374,24,-4,4949,35,0.712250712
......0090,9195,99,52,47,607,635,-28,-12,9202,7,0.076128331
......0091,2930,25,14,11,286,194,92,2,3035,105,3.583617747
......0092,6981,86,28,58,660,720,-60,9,6988,7,0.100272167
......0093,1786,14,7,7,147,138,9,0,1802,16,0.895856663
......0094,2837,38,15,23,194,213,-19,1,2842,5,0.17624251
......0095,472,5,2,3,50,48,2,-3,474,2,0.423728814
......0096,18191,241,119,122,1458,1441,17,-13,18317,126,0.692650212
......0097,8026,105,45,60,563,679,-116,-2,7968,-58,-0.722651383
......0098,726,9,2,7,53,51,2,1,736,10,1.377410468
......0099,1394,14,16,-2,96,83,13,0,1405,11,0.789096126
......0100,2227,22,11,11,216,164,52,-10,2280,53,2.379883251
......0101,3464,37,26,11,362,354,8,-1,3482,18,0.519630485
......0102,1483,23,11,12,398,135,263,-2,1756,273,18.40863115
......0111,5060,63,24,39,277,334,-57,-4,5038,-22,-0.434782609
......0112,7115,63,45,18,501,435,66,1,7200,85,1.194659171
......0113,7530,80,62,18,606,581,25,-3,7570,40,0.531208499
......0114,2480,29,11,18,230,218,12,2,2512,32,1.290322581
......0115,9827,92,53,39,754,652,102,0,9968,141,1.434822428
......0116,3401,35,24,11,209,238,-29,-1,3382,-19,-0.558659218
......0117,11095,86,77,9,819,723,96,-1,11199,104,0.937359171
......0118,12086,147,113,34,954,920,34,3,12157,71,0.587456561
......0119,1443,16,8,8,128,135,-7,-4,1440,-3,-0.207900208
......0120,9645,90,81,9,800,626,174,-13,9815,170,1.762571281
......0121,24640,271,180,91,1792,1989,-197,-21,24513,-127,-0.515422078
......0131,18742,228,146,82,1550,1602,-52,31,18803,61,0.325472202
......0132,2185,23,17,6,133,146,-13,1,2179,-6,-0.274599542
......0133,20291,200,178,22,1523,1484,39,-17,20335,44,0.216844907
......0134,900,12,8,4,59,68,-9,2,897,-3,-0.333333333
......0135,8380,106,58,48,757,703,54,-12,8470,90,1.07398568
......0136,7502,74,57,17,460,442,18,-4,7533,31,0.413223141
......0137,5035,45,37,8,366,318,48,-1,5090,55,1.092353525
......0138,13352,144,75,69,869,837,32,1,13454,102,0.763930497
......0139,5744,63,53,10,600,502,98,1,5853,109,1.897632312
......0140,1849,19,22,-3,128,129,-1,2,1847,-2,-0.108166577
......0141,17789,173,154,19,1472,1445,27,22,17857,68,0.382258699
......0142,21797,223,157,66,1427,1479,-52,-19,21792,-5,-0.022938937
......0151,5517,49,28,21,413,380,33,5,5576,59,1.069421787
......0152,6300,61,49,12,481,479,2,-6,6308,8,0.126984127
......0153,8620,72,74,-2,572,567,5,-3,8620,0,0
......0154,14192,138,134,4,1195,1089,106,5,14307,115,0.810315671
......0155,10830,109,102,7,856,731,125,-5,10957,127,1.172668513
......0156,13762,141,119,22,1149,940,209,6,13999,237,1.722133411
......0157,4743,42,31,11,430,415,15,-7,4762,19,0.400590344
......0158,14291,110,104,6,954,813,141,-3,14435,144,1.007627178
......0159,6076,47,47,0,478,387,91,-6,6161,85,1.398946675
......0160,5158,32,60,-28,397,387,10,2,5142,-16,-0.310197751
......0161,12791,137,156,-19,1248,1047,201,10,12983,192,1.50105543
......0172,6361,72,34,38,481,468,13,4,6416,55,0.864643924
......0173,3604,38,16,22,286,278,8,0,3634,30,0.832408435
......0176,5489,53,28,25,501,388,113,18,5645,156,2.842047732
......0177,11774,132,84,48,873,857,16,26,11864,90,0.764396127
......0178,4361,45,30,15,275,278,-3,-6,4367,6,0.137583123
......0180,3278,24,18,6,182,163,19,0,3303,25,0.762660159
......0181,1947,19,18,1,165,146,19,8,1975,28,1.438109913
......0182,985,10,8,2,97,87,10,3,1000,15,1.52284264
......0296,16796,207,128,79,1261,1157,104,-4,16975,179,1.065729936
......0297,4909,52,37,15,313,299,14,1,4939,30,0.611122428
......0191,27689,286,189,97,2882,2487,395,-40,28141,452,1.632417205
......0192,8405,64,71,-7,668,621,47,7,8452,47,0.559190958
......0193,8417,80,55,25,752,591,161,3,8606,189,2.245455626
......0194,5381,49,39,10,321,369,-48,11,5354,-27,-0.501765471
......0195,10067,85,47,38,798,728,70,-5,10170,103,1.023144929
......0196,3701,43,22,21,244,231,13,0,3735,34,0.91867063
......0197,5069,61,39,22,557,561,-4,6,5093,24,0.473466167
......0198,34319,353,217,136,2278,2241,37,24,34516,197,0.57402605
......0199,18582,212,89,123,1290,1341,-51,39,18693,111,0.597352276
......0200,7860,91,44,47,681,698,-17,-7,7883,23,0.292620865
......0211,658,5,7,-2,67,47,20,0,676,18,2.73556231
......0213,2030,16,13,3,94,104,-10,-1,2022,-8,-0.39408867
......0214,999,6,8,-2,59,45,14,4,1015,16,1.601601602
......0215,781,7,3,4,39,41,-2,-1,782,1,0.128040973
......0216,1534,19,14,5,106,90,16,2,1557,23,1.49934811
......0217,4323,45,23,22,385,313,72,8,4425,102,2.359472589
......0218,891,9,4,5,66,52,14,-8,902,11,1.234567901
......0219,3558,44,30,14,301,243,58,1,3631,73,2.051714446
......0220,1095,14,8,6,80,77,3,2,1106,11,1.00456621
......0221,3168,29,24,5,157,154,3,3,3179,11,0.347222222
......0222,498,8,1,7,23,26,-3,-2,500,2,0.401606426
......0223,5564,58,34,24,321,355,-34,-1,5553,-11,-0.197699497
......0224,3769,38,14,24,332,271,61,-3,3851,82,2.175643407
......0225,2701,27,28,-1,169,200,-31,2,2671,-30,-1.110699741
......0226,745,3,6,-3,21,29,-8,1,735,-10,-1.342281879
......0227,7265,73,55,18,511,486,25,4,7312,47,0.646937371
......0228,4681,43,39,4,395,324,71,5,4761,80,1.709036531
......0230,109775,1386,835,551,6650,6171,479,107,110912,1137,1.035754953
......0231,5756,65,44,21,626,476,150,12,5939,183,3.179291174
......0298,6296,67,50,17,404,345,59,8,6380,84,1.334180432
......0241,1275,18,9,9,142,77,65,-1,1348,73,5.725490196
......0242,6313,91,39,52,545,492,53,-4,6414,101,1.599873277
......0243,27076,378,195,183,2273,2448,-175,-5,27079,3,0.011079923
......0244,4958,50,28,22,326,359,-33,-4,4943,-15,-0.302541347
......0245,6611,55,65,-10,738,715,23,-4,6620,9,0.136136742
......0246,2451,22,27,-5,252,219,33,0,2479,28,1.142390861
......0247,18749,242,123,119,1665,1762,-97,-11,18760,11,0.058669796
......0248,4155,32,27,5,323,251,72,13,4245,90,2.166064982
......0249,3758,54,39,15,340,307,33,-2,3804,46,1.224055349
......0250,9657,109,50,59,668,609,59,8,9783,126,1.304753029
......0251,4770,42,24,18,423,444,-21,8,4775,5,0.104821803
......0261,402762,5289,3486,1803,35044,28684,6360,-1684,409241,6479,1.608642325
......0431,1669,11,15,-4,117,110,7,-4,1668,-1,-0.059916117
......0432,480,4,5,-1,41,35,6,1,486,6,1.25
......0433,700,7,5,2,53,52,1,2,705,5,0.714285714
......0434,1366,10,15,-5,120,96,24,6,1391,25,1.830161054
......0435,542,9,2,7,39,41,-2,-5,542,0,0
......0437,116,3,1,2,8,7,1,-1,118,2,1.724137931
......0438,1211,14,11,3,77,85,-8,-2,1204,-7,-0.578034682
......0441,905,9,8,1,73,58,15,2,923,18,1.988950276
......0442,195,0,1,-1,16,24,-8,2,188,-7,-3.58974359
......0443,5121,52,62,-10,364,331,33,12,5156,35,0.683460262
......0444,1922,32,13,19,154,156,-2,5,1944,22,1.144640999
......0445,1266,13,18,-5,96,112,-16,-5,1240,-26,-2.05371248
......0446,4565,43,51,-8,340,319,21,17,4595,30,0.657174151
......0448,932,8,5,3,43,54,-11,0,924,-8,-0.858369099
......0449,834,10,10,0,57,80,-23,5,816,-18,-2.158273381
......0450,1919,16,21,-5,154,136,18,1,1933,14,0.729546639
......0681,302,2,7,-5,13,14,-1,2,298,-4,-1.324503311
......0683,159,2,2,0,10,3,7,2,168,9,5.660377359
......0687,203,1,4,-3,12,11,1,0,201,-2,-0.985221675
......0690,1408,9,10,-1,102,76,26,-6,1427,19,1.349431818
......0691,532,6,8,-2,39,51,-12,1,519,-13,-2.443609023
......0692,389,1,3,-2,37,36,1,1,389,0,0
......0694,387,5,3,2,23,19,4,0,393,6,1.550387597
......0696,326,7,2,5,19,25,-6,0,325,-1,-0.306748466
......0700,7586,63,85,-22,400,463,-63,-24,7477,-109,-1.436857369
......0701,450,4,5,-1,43,29,14,-3,460,10,2.222222222
......0703,2347,21,37,-16,205,237,-32,9,2308,-39,-1.661695782
......0704,210,1,2,-1,24,36,-12,-1,196,-14,-6.666666667
......0706,616,5,3,2,44,35,9,-1,626,10,1.623376623
......0707,157,0,1,-1,13,15,-2,-1,153,-4,-2.547770701
......0708,37,0,1,-1,4,6,-2,0,34,-3,-8.108108108
......0709,65,1,0,1,1,4,-3,0,63,-2,-3.076923077
......0711,285,5,7,-2,16,20,-4,0,279,-6,-2.105263158
......0713,3597,31,39,-8,279,244,35,2,3626,29,0.806227412
......0715,43,0,0,0,0,1,-1,0,42,-1,-2.325581395
......0716,410,1,2,-1,20,22,-2,1,408,-2,-0.487804878
......0717,4032,41,32,9,262,282,-20,-4,4017,-15,-0.37202381
......0723,3693,24,46,-22,251,219,32,-5,3698,5,0.135391281
......0724,740,6,11,-5,55,31,24,2,761,21,2.837837838
......0726,2050,28,17,11,129,124,5,1,2067,17,0.829268293
......0371,54456,626,593,33,3569,3432,137,14,54640,184,0.337887469
......0372,2601,13,21,-8,188,140,48,-3,2638,37,1.422529796
......0387,5071,50,41,9,491,369,122,-7,5195,124,2.445277066
......0390,1311,9,15,-6,90,78,12,-8,1309,-2,-0.152555301
......0392,4169,53,39,14,387,347,40,2,4225,56,1.343247781
......0731,2011,23,17,6,226,190,36,-1,2052,41,2.038786673
......0732,1619,15,9,6,110,83,27,-5,1647,28,1.729462631
......0733,4283,37,33,4,346,341,5,-5,4287,4,0.093392482
......0739,4015,26,28,-2,246,257,-11,-6,3996,-19,-0.473225405
......0740,550,4,4,0,50,33,17,-1,566,16,2.909090909
......0742,858,8,10,-2,53,20,33,2,891,33,3.846153846
......0743,6891,69,84,-15,643,670,-27,-22,6827,-64,-0.928747642
......0744,2727,18,22,-4,242,225,17,-6,2734,7,0.256692336
......0745,3532,41,26,15,315,234,81,-4,3624,92,2.604756512
......0746,1912,15,15,0,111,117,-6,-3,1903,-9,-0.470711297
......0747,451,0,2,-2,26,28,-2,0,447,-4,-0.88691796
......0748,673,4,8,-4,42,39,3,1,673,0,0
......0750,1390,8,9,-1,84,90,-6,-1,1382,-8,-0.575539568
......0756,1154,5,13,-8,110,122,-12,0,1134,-20,-1.733102253
......0301,4527,42,41,1,393,333,60,-7,4581,54,1.192842942
......0302,1004,11,11,0,61,61,0,5,1009,5,0.498007968
......0303,3005,26,30,-4,198,174,24,7,3032,27,0.898502496
......0304,1910,15,17,-2,108,116,-8,2,1902,-8,-0.418848168
......0305,1475,13,9,4,129,187,-58,-13,1408,-67,-4.542372881
......0306,14706,160,105,55,1053,963,90,36,14887,181,1.230790154
......0309,1240,19,11,8,89,74,15,3,1266,26,2.096774194
......0310,2608,23,25,-2,206,154,52,1,2659,51,1.955521472
......0311,3719,31,24,7,308,280,28,-2,3752,33,0.887335305
......0312,3097,25,28,-3,213,200,13,6,3113,16,0.516628996
......0381,1540,12,18,-6,112,71,41,-2,1573,33,2.142857143
......0382,859,9,4,5,61,64,-3,-1,860,1,0.116414435
......0383,3596,31,35,-4,283,272,11,7,3610,14,0.389321468
......0385,992,6,7,-1,97,98,-1,0,990,-2,-0.201612903
......0386,1501,8,8,0,111,116,-5,-4,1492,-9,-0.599600266
......0388,1250,15,16,-1,84,79,5,0,1254,4,0.32
......0389,53,0,1,-1,2,1,1,0,53,0,0
......0391,832,9,7,2,94,71,23,-1,856,24,2.884615385
......0393,848,10,7,3,62,69,-7,2,846,-2,-0.235849057
......0394,592,4,5,-1,74,47,27,-1,617,25,4.222972973
......0491,590,4,6,-2,37,38,-1,0,587,-3,-0.508474576
......0492,1450,20,10,10,112,141,-29,-4,1427,-23,-1.586206897
......0493,586,4,6,-2,49,73,-24,0,560,-26,-4.436860068
......0494,793,7,5,2,83,77,6,-1,800,7,0.882723834
......0495,936,8,5,3,162,139,23,11,973,37,3.952991453
......0496,3496,39,36,3,248,210,38,-1,3536,40,1.14416476
......0497,530,6,4,2,54,41,13,0,545,15,2.830188679
......0498,1342,16,9,7,137,84,53,-6,1396,54,4.023845008
......0499,571,2,7,-5,42,32,10,-2,574,3,0.525394046
......0500,426,3,5,-2,20,22,-2,-2,420,-6,-1.408450704
......0501,440,6,5,1,40,35,5,0,446,6,1.363636364
......0502,854,6,10,-4,77,69,8,2,860,6,0.702576112
......0734,438,4,2,2,42,33,9,-1,448,10,2.283105023
......0735,326,1,6,-5,21,19,2,0,323,-3,-0.920245399
......0736,413,3,7,-4,21,19,2,-2,409,-4,-0.968523002
......0737,312,2,4,-2,18,12,6,-2,314,2,0.641025641
......0738,676,4,2,2,33,42,-9,-3,666,-10,-1.479289941
......0741,405,2,2,0,19,24,-5,0,400,-5,-1.234567901
......0749,3256,37,23,14,302,289,13,-5,3278,22,0.675675676
......0751,2805,24,33,-9,161,130,31,-6,2821,16,0.570409982
......0754,981,8,7,1,86,59,27,-1,1008,27,2.752293578
......0755,2259,20,21,-1,190,161,29,-21,2266,7,0.309871625
......0321,4518,46,37,9,324,372,-48,35,4514,-4,-0.08853475
......0322,450,3,2,1,33,37,-4,0,447,-3,-0.666666667
......0323,690,3,4,-1,36,42,-6,-2,681,-9,-1.304347826
......0324,695,6,3,3,42,45,-3,2,697,2,0.287769784
......0325,185,0,0,0,14,10,4,-1,188,3,1.621621622
......0326,733,5,4,1,29,32,-3,0,731,-2,-0.272851296
......0329,15501,169,140,29,1067,956,111,-2,15639,138,0.890265144
......0331,2557,18,25,-7,223,204,19,-14,2555,-2,-0.07821666
......0332,3239,20,28,-8,239,193,46,2,3279,40,1.234949058
......0333,1531,15,19,-4,126,123,3,6,1536,5,0.326583932
......0334,414,2,3,-1,20,22,-2,1,412,-2,-0.483091787
......0335,240,3,3,0,9,9,0,0,240,0,0
......0336,185,0,4,-4,10,13,-3,-1,177,-8,-4.324324324
......0337,3996,28,44,-16,313,236,77,-6,4051,55,1.376376376
......0338,1436,12,8,4,150,123,27,2,1469,33,2.298050139
......0339,397,4,1,3,19,22,-3,0,397,0,0
......0340,568,6,4,2,32,38,-6,0,564,-4,-0.704225352
......0341,506,4,5,-1,33,21,12,0,517,11,2.173913044
......0342,3338,33,23,10,212,243,-31,3,3320,-18,-0.539245057
......0344,903,10,7,3,44,43,1,-2,905,2,0.221483942
......0345,1637,19,16,3,153,162,-9,-1,1630,-7,-0.427611484
......0953,1407,14,14,0,74,81,-7,-1,1399,-8,-0.568585643
......0954,4835,48,68,-20,363,359,4,17,4836,1,0.020682523
......0959,546,4,5,-1,35,29,6,3,554,8,1.465201465
......0960,1146,8,10,-2,82,65,17,0,1161,15,1.308900524
......0971,1428,8,13,-5,103,74,29,-1,1451,23,1.610644258
......0972,43,0,0,0,3,3,0,0,43,0,0
......0973,645,2,5,-3,48,52,-4,-1,637,-8,-1.240310078
......0975,208,1,3,-2,12,11,1,-2,205,-3,-1.442307692
......0976,335,3,3,0,30,33,-3,0,332,-3,-0.895522388
......0977,1099,11,8,3,109,97,12,1,1115,16,1.455868972
......0979,6998,85,65,20,590,469,121,1,7140,142,2.029151186
......0980,617,2,4,-2,26,30,-4,-4,607,-10,-1.620745543
......0981,4647,54,22,32,491,448,43,-5,4717,70,1.506348182
......0982,1694,11,13,-2,108,119,-11,-6,1675,-19,-1.121605667
......0983,1701,27,12,15,144,122,22,-5,1733,32,1.881246326
......0985,561,3,5,-2,32,21,11,-7,563,2,0.356506239
......0987,479,3,2,1,34,28,6,1,487,8,1.670146138
......0988,1573,9,12,-3,89,114,-25,0,1545,-28,-1.780038144
......0989,1117,15,11,4,108,105,3,3,1127,10,0.895255148
......0990,211,1,1,0,22,12,10,0,221,10,4.739336493
......0991,594,3,9,-6,50,38,12,1,601,7,1.178451179
......0992,2305,22,24,-2,203,201,2,-4,2301,-4,-0.173535792
......0993,426,2,3,-1,16,12,4,2,431,5,1.17370892
......0995,2325,24,22,2,187,196,-9,-1,2317,-8,-0.344086022
......0996,184,0,3,-3,8,9,-1,-1,179,-5,-2.717391304
......0401,1089,14,9,5,48,49,-1,-2,1091,2,0.183654729
......0402,589,3,5,-2,23,32,-9,1,579,-10,-1.697792869
......0404,16295,137,162,-25,1093,1081,12,-2,16280,-15,-0.092052777
......0405,2010,17,18,-1,183,121,62,-3,2068,58,2.885572139
......0406,3331,35,28,7,309,320,-11,23,3350,19,0.57039928
......0407,1589,15,14,1,102,75,27,4,1621,32,2.013845186
......0408,206,5,3,2,8,7,1,0,209,3,1.45631068
......0409,2458,30,18,12,244,213,31,-6,2495,37,1.505288853
......0410,287,3,6,-3,9,17,-8,2,278,-9,-3.135888502
......0411,539,7,6,1,44,55,-11,2,531,-8,-1.484230056
......0412,5909,41,40,1,439,415,24,6,5940,31,0.524623456
......0413,2103,22,20,2,122,139,-17,4,2092,-11,-0.523062292
......0414,2344,17,25,-8,142,152,-10,7,2333,-11,-0.469283276
......0415,1430,10,10,0,120,128,-8,2,1424,-6,-0.41958042
......0416,134,2,3,-1,7,13,-6,0,127,-7,-5.223880597
......0418,2940,20,22,-2,237,258,-21,0,2917,-23,-0.782312925
......0420,2423,17,15,2,192,218,-26,-3,2396,-27,-1.11432109
......0421,81,0,2,-2,0,2,-2,0,77,-4,-4.938271605
......0422,161,3,1,2,18,15,3,0,166,5,3.105590062
......0423,206,1,3,-2,11,8,3,0,207,1,0.485436893
......0424,2022,17,22,-5,120,98,22,4,2043,21,1.038575668
......0533,3242,31,29,2,206,208,-2,4,3246,4,0.123380629
......0552,4253,28,30,-2,310,269,41,3,4295,42,0.987538208
......0554,925,13,10,3,67,87,-20,2,910,-15,-1.621621622
......0556,312,2,3,-1,22,10,12,0,323,11,3.525641026
......0901,2458,28,29,-1,93,99,-6,4,2455,-3,-0.122050448
......0902,9241,88,102,-14,721,516,205,-13,9419,178,1.926198463
......0903,2604,25,15,10,215,196,19,-4,2629,25,0.960061444
......0904,1183,11,11,0,44,43,1,0,1184,1,0.084530854
......0905,2369,24,27,-3,175,187,-12,9,2363,-6,-0.253271423
......0906,909,5,10,-5,27,31,-4,-3,897,-12,-1.320132013
......0907,2737,19,21,-2,181,234,-53,12,2694,-43,-1.571063208
......0908,1350,19,7,12,51,65,-14,5,1353,3,0.222222222
......0909,1448,14,19,-5,85,88,-3,4,1444,-4,-0.276243094
......0951,1133,6,12,-6,80,81,-1,7,1133,0,0
......0952,1061,11,12,-1,71,66,5,-3,1062,1,0.094250707
......0955,4092,31,27,4,332,268,64,5,4165,73,1.78396872
......0956,3202,35,26,9,218,172,46,-1,3256,54,1.686445971
......0957,5021,34,50,-16,305,258,47,-8,5044,23,0.458076081
......0958,971,7,11,-4,55,60,-5,-1,961,-10,-1.029866117
......0307,2465,25,16,9,180,155,25,0,2499,34,1.379310345
......0351,133115,1689,1276,413,11325,10384,941,-671,133798,683,0.513090185
......0352,6250,51,54,-3,441,420,21,-8,6260,10,0.16
......0353,4386,40,43,-3,250,210,40,-3,4420,34,0.775193798
......0354,3029,28,23,5,229,249,-20,-10,3004,-25,-0.825354903
......0355,40938,479,373,106,3311,2902,409,54,41507,569,1.389906688
......0356,13037,113,153,-40,1011,965,46,15,13058,21,0.161080003
......0357,874,6,7,-1,42,47,-5,1,869,-5,-0.57208238
......0358,3141,30,30,0,209,250,-41,5,3105,-36,-1.146131805
......0359,5240,47,42,5,324,323,1,-4,5242,2,0.038167939
......0360,9136,75,89,-14,605,517,88,5,9215,79,0.864711033
......0361,10235,115,89,26,911,877,34,19,10314,79,0.77186126
......0362,11388,112,114,-2,835,903,-68,17,11335,-53,-0.465402178
......0363,17127,194,147,47,1733,1332,401,-29,17546,419,2.446429614
......0403,1054,10,5,5,75,73,2,4,1065,11,1.043643264
......0535,86,1,2,-1,6,17,-11,0,74,-12,-13.95348837
......0536,199,4,0,4,12,13,-1,0,202,3,1.507537688
......0538,4962,42,32,10,360,299,61,4,5037,75,1.511487304
......0540,5710,60,39,21,365,412,-47,13,5697,-13,-0.227670753
......0541,422,6,2,4,59,36,23,-5,444,22,5.213270142
......0543,566,8,3,5,32,32,0,2,573,7,1.236749117
......0544,3975,54,29,25,397,288,109,5,4114,139,3.496855346
......0546,10122,92,72,20,706,744,-38,-25,10079,-43,-0.42481723
......0551,6216,96,46,50,449,504,-55,11,6222,6,0.096525097
......0553,98,1,0,1,8,6,2,1,102,4,4.081632653
......0557,572,3,7,-4,32,30,2,2,572,0,0
......0602,917,12,7,5,68,54,14,-1,935,18,1.962922574
......0603,1749,25,9,16,173,123,50,-1,1814,65,3.716409377
......0605,1388,9,15,-6,65,89,-24,2,1360,-28,-2.017291066
......0606,495,3,2,1,18,26,-8,0,488,-7,-1.414141414
......0607,484,3,3,0,19,28,-9,-2,473,-11,-2.272727273
......0608,3517,26,28,-2,288,245,43,-3,3555,38,1.080466307
......0609,255,0,1,-1,18,20,-2,1,253,-2,-0.784313725
......0610,587,8,5,3,42,33,9,1,600,13,2.214650767
......0611,937,10,5,5,123,80,43,4,989,52,5.549626467
......0612,5280,51,38,13,382,386,-4,3,5292,12,0.227272727
......0613,624,11,1,10,33,40,-7,1,628,4,0.641025641
......0614,1287,15,15,0,73,80,-7,1,1281,-6,-0.466200466
......0615,622,6,2,4,38,34,4,0,630,8,1.286173633
......0616,12396,110,103,7,777,652,125,5,12533,137,1.105195224
......0617,612,4,5,-1,45,40,5,-2,614,2,0.326797386
......0619,3496,31,25,6,262,239,23,-2,3523,27,0.772311213
......0620,727,4,9,-5,44,32,12,-3,731,4,0.550206327
......0622,654,2,4,-2,71,83,-12,4,644,-10,-1.529051988
......0623,2994,20,17,3,189,268,-79,6,2924,-70,-2.338009352
......0624,632,4,6,-2,31,32,-1,1,630,-2,-0.316455696
......0626,1799,12,23,-11,136,133,3,-9,1782,-17,-0.944969427
......0627,11473,100,102,-2,801,903,-102,25,11394,-79,-0.688573172
......0628,1637,12,10,2,122,138,-16,5,1628,-9,-0.549786194
......0629,318,1,3,-2,14,22,-8,0,308,-10,-3.144654088
......0630,577,5,2,3,34,36,-2,1,579,2,0.346620451
......0632,4233,41,24,17,355,287,68,0,4318,85,2.008032129
......0661,49,0,0,0,1,4,-3,0,46,-3,-6.12244898
......0662,1262,8,14,-6,105,121,-16,1,1241,-21,-1.664025357
......0663,1218,11,12,-1,100,77,23,-5,1235,17,1.395730706
......0664,309,3,0,3,14,15,-1,-6,305,-4,-1.294498382
......0665,247,4,1,3,14,19,-5,1,246,-1,-0.4048583
......0666,421,2,6,-4,32,28,4,-1,420,-1,-0.237529691
......0667,3125,20,23,-3,228,266,-38,9,3093,-32,-1.024
......0668,2843,32,17,15,344,240,104,12,2974,131,4.607808653
......0669,495,6,7,-1,51,31,20,0,514,19,3.838383838
......0670,5436,46,44,2,492,370,122,-17,5543,107,1.968359088
......0671,372,4,4,0,23,37,-14,-1,357,-15,-4.032258065
......0852,1586,10,19,-9,70,112,-42,4,1539,-47,-2.963430013
......0853,1617,10,16,-6,137,120,17,2,1630,13,0.803957947
......0855,6887,56,65,-9,302,347,-45,-6,6827,-60,-0.871206621
......0861,11534,89,86,3,622,736,-114,16,11439,-95,-0.823651812
......0865,286,3,4,-1,37,15,22,-4,303,17,5.944055944
......0866,1193,9,6,3,82,82,0,-2,1194,1,0.083822297
......0868,270,3,3,0,18,19,-1,0,269,-1,-0.37037037
......0869,1066,10,5,5,76,62,14,0,1085,19,1.782363978
......0870,4258,42,29,13,302,308,-6,-2,4263,5,0.117426022
......0872,963,15,6,9,93,87,6,-1,977,14,1.453790239
......0873,280,2,6,-4,25,27,-2,-1,273,-7,-2.5
......0874,229,0,2,-2,12,13,-1,-1,225,-4,-1.746724891
......0875,264,1,1,0,22,25,-3,0,261,-3,-1.136363636
......0876,1385,18,14,4,72,87,-15,4,1378,-7,-0.505415162
......0877,474,7,2,5,55,37,18,2,499,25,5.274261603
......0878,299,4,2,2,19,20,-1,0,300,1,0.334448161
......0879,2456,24,25,-1,172,138,34,2,2491,35,1.425081433
......0880,1819,7,17,-10,87,104,-17,-3,1789,-30,-1.649257834
......0881,434,4,8,-4,36,27,9,1,440,6,1.382488479
......0884,2553,22,21,1,189,186,3,0,2557,4,0.156678418
......0888,1183,6,9,-3,58,56,2,-11,1171,-12,-1.014370245
......0767,988,10,5,5,64,71,-7,-3,983,-5,-0.506072874
......0770,992,18,9,9,70,64,6,-3,1004,12,1.209677419
......0863,1070,9,16,-7,87,56,31,-2,1092,22,2.056074766
......0867,855,9,5,4,31,62,-31,1,829,-26,-3.040935673
......0883,2194,22,10,12,129,146,-17,2,2191,-3,-0.136736554
......0885,1959,23,9,14,217,119,98,-1,2070,111,5.666156202
......0886,2869,23,30,-7,230,195,35,-2,2895,26,0.906239108
......0921,802,7,3,4,63,42,21,1,828,26,3.241895262
......0922,1209,14,12,2,105,91,14,2,1227,18,1.488833747
......0923,1544,21,16,5,86,81,5,-2,1552,8,0.518134715
......0924,492,3,2,1,23,23,0,-3,490,-2,-0.406504065
......0925,802,8,4,4,45,59,-14,-4,788,-14,-1.74563591
......0927,691,5,6,-1,67,78,-11,3,682,-9,-1.302460203
......0928,6691,83,51,32,610,569,41,1,6765,74,1.105963234
......0929,4077,26,49,-23,262,266,-4,22,4072,-5,-0.122639195
......0931,511,1,0,1,38,27,11,0,523,12,2.348336595
......0932,236,3,2,1,11,16,-5,-6,226,-10,-4.237288136
......0934,2423,17,34,-17,193,184,9,0,2415,-8,-0.330169212
......0935,475,6,2,4,32,34,-2,-2,475,0,0
......0936,257,4,4,0,20,22,-2,2,257,0,0
......0937,247,4,1,3,22,22,0,-1,249,2,0.809716599
......0938,4759,42,39,3,312,291,21,5,4788,29,0.609371717
......0939,15783,144,161,-17,1144,1111,33,17,15816,33,0.209085725
......0940,156,1,3,-2,18,7,11,0,165,9,5.769230769
......0941,2426,19,21,-2,159,183,-24,1,2401,-25,-1.030502885
......0942,43568,422,427,-5,2723,2535,188,-8,43743,175,0.401670951
......0943,667,10,5,5,61,49,12,1,685,18,2.698650675
......0944,6006,26,64,-38,357,382,-25,7,5950,-56,-0.932400932
......0945,973,14,10,4,68,59,9,1,987,14,1.438848921
......0946,233,4,1,3,6,11,-5,3,234,1,0.429184549
......0947,319,2,1,1,16,13,3,1,324,5,1.567398119
......0948,781,10,6,4,50,57,-7,0,778,-3,-0.384122919
......0791,1294,6,18,-12,49,61,-12,0,1270,-24,-1.854714065
......0792,2358,28,27,1,157,180,-23,0,2336,-22,-0.932994063
......0793,1325,19,20,-1,77,67,10,-2,1332,7,0.528301887
......0794,3035,24,28,-4,198,202,-4,3,3030,-5,-0.164744646
......0841,981,7,9,-2,82,80,2,-3,978,-3,-0.305810398
......0842,835,8,2,6,35,46,-11,-1,829,-6,-0.718562874
......0843,6882,70,50,20,595,564,31,-32,6901,19,0.276082534
......0561,3370,30,35,-5,171,168,3,3,3371,1,0.029673591
......0562,2232,30,27,3,208,182,26,24,2285,53,2.374551971
......0563,6894,75,67,8,336,329,7,8,6917,23,0.333623441
......0564,798,11,8,3,44,66,-22,1,780,-18,-2.255639098
......0565,1283,4,12,-8,116,90,26,0,1301,18,1.402961808
......0566,1124,13,16,-3,92,88,4,3,1128,4,0.355871886
......0567,3604,44,36,8,207,204,3,1,3616,12,0.332963374
......0761,851,8,12,-4,58,41,17,-2,862,11,1.292596945
......0762,2175,19,13,6,115,95,20,-1,2200,25,1.149425287
......0763,1718,13,20,-7,137,112,25,-3,1733,15,0.873108265
......0766,799,5,7,-2,31,31,0,0,797,-2,-0.250312891
......0768,12713,116,132,-16,842,837,5,5,12707,-6,-0.047195784
......0769,2463,20,30,-10,185,187,-2,-5,2446,-17,-0.690215185
......0571,1208,16,12,4,115,122,-7,3,1208,0,0
......0572,2531,14,26,-12,166,172,-6,-1,2512,-19,-0.750691426
......0573,3080,25,36,-11,268,222,46,5,3120,40,1.298701299
......0574,493,5,7,-2,53,48,5,-2,494,1,0.202839757
......0575,429,5,6,-1,43,43,0,1,429,0,0
......0576,3818,29,38,-9,282,289,-7,-27,3775,-43,-1.126244107
......0577,398,3,1,2,30,24,6,-1,405,7,1.75879397
......0578,317,2,2,0,49,42,7,0,324,7,2.208201893
......0579,650,3,10,-7,24,27,-3,3,643,-7,-1.076923077
......0580,538,3,9,-6,41,44,-3,2,531,-7,-1.301115242
......0581,5673,47,46,1,600,678,-78,-4,5592,-81,-1.42781597
......0582,433,3,4,-1,27,18,9,0,441,8,1.847575058
......0584,2406,14,28,-14,184,210,-26,-16,2350,-56,-2.327514547
......0585,1036,3,13,-10,135,83,52,1,1079,43,4.150579151
......0586,227,2,2,0,16,25,-9,1,219,-8,-3.524229075
......0587,4040,32,44,-12,417,375,42,1,4071,31,0.767326733
......0588,354,3,3,0,43,45,-2,-4,348,-6,-1.694915254
......0589,457,1,6,-5,59,36,23,1,476,19,4.157549234
......0590,2687,18,35,-17,264,274,-10,3,2663,-24,-0.893189431
......0591,98,1,1,0,6,4,2,0,100,2,2.040816327
......0592,582,10,4,6,49,36,13,2,603,21,3.608247423
......0593,5757,39,54,-15,470,503,-33,3,5712,-45,-0.781657113
......0594,2662,21,20,1,304,304,0,9,2672,10,0.375657401
......0782,267,0,0,0,12,16,-4,3,266,-1,-0.374531835
......0783,1193,12,8,4,93,111,-18,4,1183,-10,-0.838222967
......0784,1087,9,11,-2,78,84,-6,-3,1076,-11,-1.011959522
......0785,4692,37,39,-2,232,230,2,-2,4690,-2,-0.042625746
......0786,585,3,9,-6,33,51,-18,-1,560,-25,-4.273504274
......1061,81592,916,819,97,6691,7199,-508,220,81401,-191,-0.234091578
......1051,5352,35,28,7,336,350,-14,-2,5343,-9,-0.168161435
......1052,6192,61,31,30,392,518,-126,20,6116,-76,-1.227390181
......1053,1481,22,4,18,118,115,3,1,1503,22,1.485482782
......1054,13313,149,90,59,1120,968,152,7,13531,218,1.637497183
......1055,1287,19,4,15,130,100,30,-1,1331,44,3.418803419
......1056,1052,14,6,8,101,85,16,-1,1075,23,2.186311787
......1057,363,3,0,3,52,26,26,-1,391,28,7.713498623
......1058,13884,112,114,-2,1079,1051,28,5,13915,31,0.223278594
......1059,27110,266,219,47,1648,1811,-163,3,26997,-113,-0.416820361
......1062,7108,75,60,15,512,407,105,3,7231,123,1.73044457
......1063,7002,46,61,-15,531,381,150,1,7138,136,1.942302199
......1064,1371,16,11,5,107,120,-13,6,1369,-2,-0.14587892
......1065,4754,50,18,32,558,359,199,10,4995,241,5.069415229
......1066,1719,14,11,3,61,100,-39,7,1690,-29,-1.687027341
......1067,2285,16,18,-2,142,155,-13,9,2279,-6,-0.262582057
......1068,1339,16,10,6,165,124,41,-5,1381,42,3.136669156
......1069,4381,27,28,-1,422,391,31,-7,4404,23,0.524994294
......1021,1141,12,6,6,134,74,60,-2,1205,64,5.609114812
......1022,411,6,1,5,59,36,23,-1,438,27,6.569343066
......1023,2794,30,13,17,143,170,-27,2,2786,-8,-0.286327845
......1024,30228,379,255,124,2391,2066,325,5,30682,454,1.501918751
......1025,955,7,2,5,74,49,25,-1,984,29,3.036649215
......1026,3684,34,24,10,177,283,-106,1,3589,-95,-2.578718784
......1030,5190,46,32,14,358,356,2,-5,5201,11,0.21194605
......1031,9814,127,79,48,620,633,-13,-17,9832,18,0.183411453
......1032,2531,34,14,20,128,205,-77,0,2474,-57,-2.252074279
......1033,2429,25,13,12,255,143,112,4,2557,128,5.269658296
......1037,2659,42,19,23,234,148,86,2,2770,111,4.174501692
......1039,1763,23,16,7,151,156,-5,4,1769,6,0.340328985
......1040,7430,69,42,27,472,409,63,51,7571,141,1.897711979
......1041,1020,10,4,6,83,64,19,-1,1044,24,2.352941177
......1081,6517,62,46,16,412,475,-63,8,6478,-39,-0.598434863
......1082,2357,27,17,10,297,224,73,4,2444,87,3.691132796
......1083,3248,38,18,20,177,160,17,2,3287,39,1.200738916
......1084,1658,12,10,2,85,121,-36,8,1632,-26,-1.568154403
......1085,2906,27,15,12,211,221,-10,3,2911,5,0.172057811
......1086,3162,44,14,30,279,198,81,0,3273,111,3.510436433
......1088,2214,25,12,13,214,154,60,-12,2275,61,2.755194219
......1089,2154,28,16,12,165,148,17,-1,2182,28,1.29990715
......1091,1414,13,7,6,174,105,69,-1,1488,74,5.233380481
......1093,6957,59,29,30,548,434,114,3,7104,147,2.112979733
......1094,3728,42,21,21,339,237,102,-3,3848,120,3.21888412
......1095,4636,58,24,34,355,357,-2,11,4679,43,0.927523727
......1097,3248,32,27,5,233,230,3,-2,3254,6,0.184729064
......1098,6908,72,45,27,348,428,-80,1,6856,-52,-0.752750434
......1099,2816,39,14,25,209,182,27,-6,2862,46,1.633522727
......1100,840,13,8,5,83,47,36,-3,878,38,4.523809524
......1102,4106,51,24,27,247,255,-8,3,4128,22,0.535801266
......1103,9621,124,60,64,975,741,234,-19,9900,279,2.899906455
......1104,4587,55,20,35,289,255,34,-4,4652,65,1.41704818
......1121,648,6,3,3,57,52,5,-1,655,7,1.080246914
......1122,1013,12,6,6,64,56,8,-2,1025,12,1.184600197
......1123,1548,15,6,9,126,113,13,2,1572,24,1.550387597
......1125,5287,74,33,41,378,326,52,-11,5369,82,1.550974087
......1126,395,1,3,-2,24,32,-8,1,386,-9,-2.278481013
......1127,1439,22,5,17,126,101,25,2,1483,44,3.057678944
......1128,2718,28,25,3,185,205,-20,-10,2691,-27,-0.993377483
......1129,699,4,6,-2,56,46,10,-1,706,7,1.001430615
......1130,1120,10,5,5,123,95,28,-2,1151,31,2.767857143
......1131,838,9,4,5,80,60,20,0,863,25,2.983293556
......1132,1890,17,22,-5,101,81,20,3,1908,18,0.952380952
......1135,1281,15,12,3,82,69,13,-2,1295,14,1.092896175
......1136,2897,24,18,6,201,192,9,-10,2902,5,0.172592337
......1137,2600,30,19,11,174,145,29,5,2645,45,1.730769231
......1139,2653,33,22,11,253,245,8,-4,2668,15,0.565397663
......1140,7008,80,70,10,502,471,31,-11,7038,30,0.428082192
......1142,682,3,8,-5,55,39,16,-5,688,6,0.879765396
......1143,4272,57,26,31,319,231,88,5,4396,124,2.902621723
......1145,891,14,6,8,52,53,-1,5,903,12,1.346801347
......1146,2130,28,18,10,233,190,43,-6,2177,47,2.20657277
......1147,1506,19,15,4,101,88,13,2,1525,19,1.261620186
......1150,2025,9,11,-2,94,112,-18,-1,2004,-21,-1.037037037
......1151,7777,106,63,43,399,389,10,-5,7825,48,0.617204578
......1001,767,9,5,4,36,19,17,-2,786,19,2.477183833
......1002,3367,32,39,-7,152,194,-42,-3,3315,-52,-1.544401544
......1004,1937,20,12,8,298,328,-30,41,1956,19,0.980898296
......1005,1746,24,16,8,100,100,0,-2,1752,6,0.343642612
......1007,667,6,5,1,36,35,1,1,670,3,0.449775112
......1008,4188,38,27,11,188,196,-8,-10,4181,-7,-0.167144222
......1009,2040,30,20,10,251,189,62,3,2115,75,3.676470588
......1010,4358,38,37,1,173,176,-3,2,4358,0,0
......1107,4299,49,31,18,398,342,56,2,4375,76,1.767852989
......1201,9211,78,103,-25,633,562,71,16,9273,62,0.67310824
......1202,1355,11,14,-3,164,152,12,-10,1354,-1,-0.073800738
......1203,1650,23,7,16,107,63,44,1,1711,61,3.696969697
......1204,164,1,1,0,15,11,4,0,168,4,2.43902439
......1205,4021,44,39,5,180,226,-46,2,3982,-39,-0.969907983
......1206,3765,32,40,-8,250,223,27,-3,3781,16,0.4249668
......1207,2002,18,18,0,125,144,-19,-8,1975,-27,-1.348651349
......1208,450,3,4,-1,76,55,21,-8,462,12,2.666666667
......1209,563,5,9,-4,29,31,-2,1,558,-5,-0.888099467
......1210,188,1,1,0,16,11,5,-2,191,3,1.595744681
......1211,503,7,6,1,12,25,-13,3,494,-9,-1.789264414
......1212,145,1,3,-2,22,14,8,0,151,6,4.137931035
......1213,5248,53,47,6,369,235,134,-6,5382,134,2.553353659
......1214,1794,19,17,2,102,104,-2,10,1804,10,0.557413601
......1215,683,3,9,-6,44,38,6,-4,679,-4,-0.585651537
......1216,2045,24,22,2,95,149,-54,-2,1991,-54,-2.640586797
......1217,373,4,4,0,25,35,-10,1,364,-9,-2.412868633
......1218,834,6,7,-1,25,16,9,1,843,9,1.079136691
......1219,710,15,2,13,25,35,-10,1,714,4,0.563380282
......1220,441,2,6,-4,28,37,-9,-6,422,-19,-4.308390023
......1301,15361,148,125,23,745,604,141,25,15550,189,1.230388647
......1311,2260,20,20,0,172,151,21,-2,2279,19,0.840707965
......1321,5237,46,28,18,531,522,9,8,5272,35,0.668321558
......1322,16196,144,93,51,1328,1298,30,-8,16269,73,0.450728575
......1323,7102,64,40,24,634,650,-16,-9,7101,-1,-0.014080541
......1331,12512,109,82,27,914,601,313,-7,12845,333,2.661445013
......1341,6907,61,35,26,602,606,-4,-3,6926,19,0.275083249
......1342,5199,59,31,28,371,375,-4,8,5231,32,0.615502981
......1343,193,0,5,-5,3,17,-14,3,177,-16,-8.29015544
......1344,8599,78,77,1,737,721,16,1,8617,18,0.209326666
......1345,3566,43,26,17,341,288,53,-3,3633,67,1.878855861
......1346,9073,114,56,58,694,660,34,2,9167,94,1.036041001
......1347,3239,37,16,21,277,220,57,0,3317,78,2.408150664
......1348,1016,5,4,1,58,55,3,5,1025,9,0.885826772
......1349,4989,39,31,8,383,363,20,-6,5011,22,0.440970134
......1361,612,5,2,3,32,32,0,-2,613,1,0.163398693
......1362,11735,134,73,61,756,656,100,-19,11877,142,1.21005539
......1363,794,14,4,10,21,30,-9,2,797,3,0.377833753
......1364,8758,70,80,-10,528,428,100,8,8856,98,1.118976935
......1365,1067,10,7,3,68,60,8,3,1081,14,1.312089972
......1366,1107,12,3,9,133,171,-38,25,1103,-4,-0.361336947
......1367,3543,42,36,6,107,141,-34,0,3515,-28,-0.790290714
......1368,885,11,11,0,61,52,9,-6,888,3,0.338983051
......1369,88,1,0,1,1,2,-1,0,88,0,0
......1370,2375,26,17,9,139,130,9,2,2395,20,0.842105263
......1371,1926,27,14,13,132,130,2,5,1946,20,1.038421599
......1372,14885,128,100,28,864,787,77,10,15000,115,0.772589856
......1373,3358,27,23,4,178,186,-8,1,3355,-3,-0.089338892
......1374,916,10,7,3,86,44,42,-7,954,38,4.148471616
......1375,2365,26,21,5,149,115,34,9,2413,48,2.029598309
......1401,5997,63,40,23,357,358,-1,5,6024,27,0.450225113
......1402,4134,37,33,4,298,268,30,-13,4155,21,0.507982584
......1403,3631,36,28,8,176,164,12,0,3651,20,0.550812448
......1404,6194,71,37,34,389,328,61,6,6295,101,1.630610268
......1405,2129,20,18,2,118,118,0,-9,2122,-7,-0.32879286
......1406,5060,51,40,11,273,249,24,-3,5092,32,0.632411067
......1407,10233,99,83,16,564,593,-29,16,10236,3,0.029316916
......1501,3567,36,30,6,247,171,76,5,3654,87,2.43902439
......1502,5389,63,35,28,375,381,-6,-2,5409,20,0.371126369
......1503,1832,12,10,2,103,128,-25,5,1814,-18,-0.982532751
......1504,1384,18,10,8,115,112,3,6,1401,17,1.228323699
......1505,4567,29,41,-12,441,291,150,-7,4698,131,2.868403766
......1506,2108,26,11,15,176,146,30,-6,2147,39,1.850094877
......1507,5682,64,53,11,459,428,31,-9,5715,33,0.580781415
......1508,3135,22,21,1,175,181,-6,3,3133,-2,-0.063795853
......1509,8333,89,67,22,587,544,43,13,8411,78,0.936037442
......1510,4423,39,43,-4,386,320,66,9,4494,71,1.605245309
......1511,2136,20,13,7,99,141,-42,-8,2093,-43,-2.013108614
......1630,18057,173,141,32,1131,961,170,-12,18247,190,1.052223514
......1631,9575,65,125,-60,706,640,66,0,9581,6,0.062663185
......1632,12515,140,112,28,737,790,-53,31,12521,6,0.047942469
......1701,24129,248,162,86,1763,1658,105,2,24322,193,0.79986738
......1702,16216,175,93,82,1488,1233,255,18,16571,355,2.189195856
......1703,8827,73,31,42,617,671,-54,9,8824,-3,-0.033986632
......1704,4467,45,35,10,286,262,24,-2,4499,32,0.71636445
......1705,2219,13,6,7,175,157,18,1,2245,26,1.171698964
......1706,5994,44,38,6,468,403,65,-6,6059,65,1.084417751
......1707,10355,130,52,78,847,774,73,9,10515,160,1.545147272
......1708,9735,94,71,23,739,631,108,9,9875,140,1.438109913
......1709,8576,80,55,25,619,544,75,13,8689,113,1.317630597
......1710,3626,42,18,24,284,320,-36,3,3617,-9,-0.248207391
......1711,29804,313,234,79,3008,2706,302,20,30205,401,1.345456986
......2008,459,6,7,-1,33,27,6,-2,462,3,0.653594771
......2009,388,6,4,2,39,24,15,7,412,24,6.18556701
......2011,1690,17,5,12,145,113,32,-5,1729,39,2.307692308
......2016,978,6,4,2,133,67,66,-2,1044,66,6.748466258
......2022,1033,10,13,-3,102,73,29,-8,1051,18,1.74249758
......2025,1163,14,3,11,82,86,-4,-9,1161,-2,-0.171969046
......2027,410,1,3,-2,33,27,6,1,415,5,1.219512195
......2029,2404,28,15,13,287,162,125,-6,2536,132,5.490848586
......2035,407,6,3,3,39,24,15,-1,424,17,4.176904177
......2038,69,0,0,0,7,7,0,1,70,1,1.449275362
......2041,1706,24,10,14,164,129,35,0,1755,49,2.872215709
......2043,278,3,0,3,37,24,13,-1,293,15,5.395683453
......2044,712,6,7,-1,84,78,6,-2,715,3,0.421348315
......2045,412,3,7,-4,68,39,29,-1,436,24,5.825242718
......2050,1423,18,9,9,105,96,9,-2,1439,16,1.124385102
......2051,1086,11,9,2,90,72,18,1,1107,21,1.933701658
......2053,5402,73,37,36,446,440,6,-19,5425,23,0.425768234
......2054,9434,118,68,50,769,738,31,-21,9494,60,0.635997456
......2055,2222,23,11,12,219,166,53,-9,2278,56,2.520252025
......2061,282,3,3,0,17,14,3,0,285,3,1.063829787
......2063,729,8,7,1,94,62,32,-5,757,28,3.840877915
......2066,277,4,1,3,23,26,-3,1,278,1,0.36101083
......2067,385,4,4,0,10,19,-9,2,378,-7,-1.818181818
......2068,823,5,2,3,82,82,0,-1,825,2,0.243013366
......2072,332,4,2,2,30,21,9,1,344,12,3.614457831
......2079,185,4,0,4,24,15,9,1,199,14,7.567567568
......2086,510,6,4,2,48,37,11,4,527,17,3.333333333
......2087,998,10,4,6,130,61,69,3,1076,78,7.815631263
......2089,389,6,2,4,20,23,-3,1,391,2,0.514138818
......2096,5204,71,32,39,496,434,62,-1,5304,100,1.92159877
......2097,1500,22,8,14,123,137,-14,5,1505,5,0.333333333
......2099,2214,18,13,5,155,170,-15,-5,2199,-15,-0.677506775
......2102,3030,33,19,14,279,256,23,12,3079,49,1.617161716
......2111,1285,18,8,10,145,127,18,17,1330,45,3.501945525
......2113,2271,31,17,14,158,154,4,-2,2287,16,0.704535447
......2114,1347,14,6,8,118,91,27,2,1384,37,2.74684484
......2115,896,5,2,3,87,54,33,1,933,37,4.129464286
......2116,971,8,4,4,81,72,9,-2,982,11,1.132852729
......2121,1541,22,21,1,125,124,1,-1,1542,1,0.064892927
......2122,1801,14,10,4,128,130,-2,4,1807,6,0.333148251
......2123,569,10,4,6,47,54,-7,0,568,-1,-0.175746924
......2124,2632,26,18,8,352,349,3,9,2652,20,0.75987842
......2125,22523,252,148,104,2252,2141,111,-29,22709,186,0.825822493
......2128,276,8,2,6,22,19,3,0,285,9,3.260869565
......2129,857,5,7,-2,86,67,19,3,877,20,2.333722287
......2130,333,4,3,1,44,35,9,-1,342,9,2.702702703
......2131,802,5,5,0,82,82,0,2,804,2,0.249376559
......2134,812,9,6,3,65,48,17,-2,830,18,2.216748769
......2135,2194,24,14,10,261,257,4,-5,2203,9,0.410209663
......2137,663,11,6,5,63,82,-19,3,652,-11,-1.659125189
......2138,671,5,8,-3,16,28,-12,3,659,-12,-1.788375559
......2140,1871,20,7,13,184,154,30,-1,1913,42,2.244788883
......2143,587,8,5,3,59,52,7,-2,595,8,1.36286201
......2145,1168,12,5,7,230,97,133,1,1309,141,12.07191781
......2147,584,5,6,-1,58,44,14,2,599,15,2.568493151
......2148,2496,24,14,10,349,226,123,-2,2627,131,5.248397436
......2149,1644,29,11,18,193,139,54,-9,1707,63,3.832116788
......2152,1446,13,13,0,71,99,-28,5,1423,-23,-1.590594744
......2153,1082,9,8,1,101,88,13,-9,1087,5,0.462107209
......2155,1045,11,4,7,102,98,4,4,1060,15,1.435406699
......2160,2296,24,14,10,210,192,18,-7,2317,21,0.914634146
......2162,1324,14,8,6,187,120,67,-10,1387,63,4.758308157
......2163,2435,33,26,7,226,178,48,-13,2477,42,1.724845996
......2171,913,9,6,3,75,75,0,0,916,3,0.328587076
......2173,792,11,10,1,68,68,0,0,793,1,0.126262626
......2174,1864,19,9,10,165,151,14,-8,1880,16,0.858369099
......2175,3348,46,17,29,308,338,-30,-9,3338,-10,-0.298685783
......2177,844,9,5,4,76,67,9,1,858,14,1.658767773
......2183,2454,29,13,16,289,194,95,-2,2563,109,4.441727791
......2185,409,4,3,1,39,27,12,0,422,13,3.178484108
......2186,1473,13,9,4,119,96,23,-3,1497,24,1.629327902
......2189,1117,10,6,4,85,91,-6,-4,1111,-6,-0.537153089
......2194,277,1,4,-3,22,18,4,5,283,6,2.166064982
......2196,38829,479,331,148,3223,3657,-434,-22,38521,-308,-0.793221561
......2197,3178,44,19,25,359,367,-8,4,3199,21,0.660792952
......2198,3606,55,11,44,447,408,39,-3,3686,80,2.218524681
......2200,1945,24,7,17,180,201,-21,6,1947,2,0.102827764
......2206,8185,86,43,43,562,592,-30,3,8201,16,0.195479536
......2208,1533,8,11,-3,113,128,-15,8,1523,-10,-0.652315721
......2211,2587,28,10,18,203,219,-16,4,2593,6,0.231928875
......2213,652,9,6,3,93,54,39,1,695,43,6.595092025
......2216,148,3,1,2,14,12,2,2,154,6,4.054054054
......2217,723,6,3,3,34,33,1,0,727,4,0.553250346
......2220,3156,25,21,4,152,184,-32,6,3134,-22,-0.697084918
......2221,1043,13,5,8,150,90,60,-2,1109,66,6.327900288
......2225,157,1,2,-1,7,4,3,-1,158,1,0.636942675
......2226,1449,10,11,-1,114,111,3,-3,1448,-1,-0.069013112
......2228,12128,147,74,73,959,1033,-74,-13,12114,-14,-0.115435356
......2230,79,1,0,1,11,6,5,0,85,6,7.594936709
......2233,2431,21,16,5,254,182,72,5,2513,82,3.373097491
......2234,1983,28,10,18,201,170,31,-4,2028,45,2.269288956
......2235,1092,18,6,12,117,97,20,5,1129,37,3.388278388
......2236,7236,63,36,27,533,480,53,-10,7306,70,0.967385296
......2250,1408,13,3,10,119,100,19,-13,1424,16,1.136363636
......2254,5398,49,40,9,450,444,6,3,5416,18,0.333456836
......2257,942,6,6,0,83,71,12,3,957,15,1.592356688
......2258,461,4,4,0,34,26,8,-2,467,6,1.301518438
......2259,672,6,3,3,47,53,-6,3,672,0,0
......2260,297,2,0,2,9,16,-7,-1,291,-6,-2.02020202
......2261,175,1,0,1,6,8,-2,1,175,0,0
......2262,4181,50,19,31,292,217,75,0,4287,106,2.535278642
......2265,4911,59,38,21,413,321,92,-4,5020,109,2.219507229
......2266,641,5,2,3,49,39,10,0,654,13,2.028081123
......2271,580,2,5,-3,31,34,-3,1,575,-5,-0.862068966
......2272,1909,25,7,18,185,158,27,4,1958,49,2.566788895
......2274,953,8,6,2,70,60,10,7,972,19,1.993704092
......2275,8168,69,76,-7,574,511,63,-2,8222,54,0.661116552
......2276,1159,9,6,3,97,77,20,3,1185,26,2.243313201
......2278,424,5,4,1,46,32,14,-1,438,14,3.301886793
......2284,3556,39,35,4,256,207,49,-8,3601,45,1.265466817
......2291,2037,17,18,-1,100,108,-8,1,2029,-8,-0.392734413
......2292,648,6,3,3,44,38,6,1,658,10,1.543209877
......2293,7825,72,52,20,410,450,-40,18,7823,-2,-0.025559105
......2294,1561,16,11,5,106,63,43,-3,1606,45,2.882767457
......2295,3412,21,22,-1,205,188,17,2,3430,18,0.527549824
......2296,1365,15,11,4,62,75,-13,10,1366,1,0.073260073
......2299,3566,24,33,-9,188,154,34,10,3601,35,0.981491868
......2300,1040,10,5,5,82,78,4,-1,1048,8,0.769230769
......2301,1068,11,6,5,63,54,9,1,1083,15,1.404494382
......2302,2044,14,12,2,102,104,-2,-5,2039,-5,-0.244618395
......2303,986,8,9,-1,41,58,-17,5,973,-13,-1.318458418
......2304,1319,20,6,14,104,106,-2,1,1332,13,0.985595148
......2305,4072,47,21,26,179,207,-28,8,4078,6,0.147347741
......2306,3330,29,16,13,259,247,12,-1,3354,24,0.720720721
......2307,1323,15,8,7,112,97,15,-3,1342,19,1.436130008
......2308,2343,21,16,5,117,105,12,11,2371,28,1.195049082
......2309,5470,56,22,34,369,301,68,-14,5558,88,1.608775137
......2321,3353,37,19,18,283,228,55,1,3427,74,2.206978825
......2323,1475,13,2,11,115,119,-4,1,1483,8,0.542372881
......2325,6528,92,37,55,605,459,146,-6,6723,195,2.987132353
......2328,847,10,6,4,54,41,13,3,867,20,2.361275089
......2333,1086,9,7,2,101,115,-14,-2,1072,-14,-1.289134438
......2335,1015,9,6,3,49,46,3,-14,1007,-8,-0.78817734
......2336,1435,14,10,4,94,104,-10,2,1431,-4,-0.278745645
......2337,1186,17,10,7,114,85,29,-11,1211,25,2.107925801
......2338,1158,9,8,1,102,81,21,-3,1177,19,1.640759931
......2401,3527,39,29,10,328,341,-13,-4,3520,-7,-0.198468954
......2402,1554,22,3,19,175,138,37,1,1611,57,3.667953668
......2403,1795,21,19,2,94,95,-1,2,1798,3,0.167130919
......2404,2089,18,12,6,215,149,66,-4,2157,68,3.255146003
......2405,1142,20,9,11,118,99,19,-3,1169,27,2.364273205
......2406,2173,31,10,21,249,234,15,29,2238,65,2.991256328
......2407,6263,74,40,34,511,487,24,-22,6299,36,0.574804407
......2408,2144,25,24,1,189,143,46,9,2200,56,2.611940299
......2421,556,4,4,0,36,20,16,0,572,16,2.877697842
......2422,6099,48,56,-8,414,410,4,-1,6094,-5,-0.081980653
......2423,91,1,0,1,3,6,-3,0,89,-2,-2.197802198
......2424,541,3,8,-5,40,37,3,2,541,0,0
......2425,664,9,6,3,83,56,27,-1,693,29,4.36746988
......2426,1729,27,24,3,105,84,21,-5,1748,19,1.098901099
......2427,1323,11,17,-6,70,69,1,-1,1317,-6,-0.453514739
......2428,2456,21,25,-4,125,139,-14,3,2441,-15,-0.610749186
......2429,1082,10,13,-3,80,70,10,0,1089,7,0.646950092
......2445,340,0,1,-1,12,29,-17,1,323,-17,-5
......2455,783,6,4,2,41,42,-1,2,786,3,0.383141763
......2456,327,1,6,-5,27,22,5,1,328,1,0.305810398
......2457,1484,15,12,3,83,78,5,1,1493,9,0.606469003
......2461,1082,11,12,-1,105,64,41,1,1123,41,3.789279113
......2463,207,2,0,2,10,8,2,0,211,4,1.93236715
......2464,1062,7,10,-3,70,73,-3,1,1057,-5,-0.470809793
......2465,2532,26,13,13,159,163,-4,4,2545,13,0.51342812
......2471,1195,4,10,-6,58,75,-17,0,1172,-23,-1.924686192
......2472,1008,6,7,-1,91,53,38,-3,1042,34,3.373015873
......2473,6611,52,48,4,528,458,70,1,6686,75,1.134472848
......2474,884,1,6,-5,43,42,1,0,880,-4,-0.452488688
......2475,1308,10,5,5,58,62,-4,-3,1306,-2,-0.152905199
......2476,3183,13,27,-14,149,199,-50,-11,3108,-75,-2.356267672
......2477,934,5,11,-6,75,67,8,-4,932,-2,-0.214132762
......2478,1503,7,5,2,79,98,-19,0,1486,-17,-1.131071191
......2479,1313,6,12,-6,68,61,7,3,1317,4,0.304645849
......2480,1017,9,8,1,57,60,-3,-1,1014,-3,-0.294985251
......2481,1486,10,10,0,99,92,7,4,1497,11,0.740242261
......2491,309,2,0,2,30,35,-5,2,308,-1,-0.323624595
......2492,527,5,3,2,35,50,-15,0,514,-13,-2.466793169
......2493,3942,35,30,5,218,216,2,10,3959,17,0.431253171
......2495,3831,50,42,8,249,226,23,-1,3861,30,0.783085356
......2497,2199,18,14,4,200,172,28,1,2232,33,1.500682128
......2498,95,1,0,1,6,4,2,-2,96,1,1.052631579
......2499,1062,9,11,-2,62,61,1,4,1065,3,0.282485876
......2500,6553,62,67,-5,611,575,36,7,6591,38,0.579887075
......2501,1827,20,17,3,121,102,19,8,1857,30,1.642036125
......2502,403,0,3,-3,19,17,2,1,403,0,0
......2503,3447,33,30,3,301,217,84,-10,3524,77,2.233826516
......2511,1213,8,16,-8,110,94,16,0,1221,8,0.659521847
......2513,8370,99,71,28,643,583,60,-3,8455,85,1.015531661
......2514,590,3,3,0,41,38,3,2,595,5,0.847457627
......2516,2224,15,19,-4,139,127,12,5,2237,13,0.584532374
......2517,6437,49,57,-8,552,554,-2,3,6430,-7,-0.10874631
......2518,825,9,9,0,96,46,50,-6,869,44,5.333333333
......2519,5065,68,56,12,467,401,66,-25,5118,53,1.046396841
......2520,873,5,2,3,30,33,-3,-2,871,-2,-0.229095074
......2523,870,14,5,9,37,43,-6,-3,870,0,0
......2524,100,2,1,1,28,3,25,0,126,26,26
......2525,1282,9,7,2,128,99,29,2,1315,33,2.574102964
......2526,2772,20,23,-3,205,162,43,-7,2805,33,1.190476191
......2527,3506,26,30,-4,264,284,-20,3,3485,-21,-0.598973189
......2528,1137,7,9,-2,112,84,28,0,1163,26,2.286719437
......2529,833,8,2,6,43,50,-7,3,835,2,0.240096038
......2530,1932,15,13,2,163,134,29,5,1968,36,1.863354037
......2532,3102,25,30,-5,290,207,83,-3,3177,75,2.417794971
......2534,8842,102,90,12,752,719,33,-12,8875,33,0.373218729
......2535,731,3,6,-3,50,34,16,-10,734,3,0.410396717
......2541,203,3,0,3,60,98,-38,36,204,1,0.492610837
......2542,5239,59,57,2,386,362,24,7,5272,33,0.629891201
......2543,4905,37,42,-5,371,326,45,-5,4940,35,0.713557594
......2544,982,10,5,5,68,82,-14,2,975,-7,-0.712830957
......2545,964,8,14,-6,68,76,-8,-3,947,-17,-1.763485477
......2546,16985,178,216,-38,1205,992,213,-20,17140,155,0.912569915
......2547,1181,17,11,6,60,89,-29,8,1166,-15,-1.270110076
......2548,742,5,3,2,33,35,-2,0,742,0,0
......2549,30,1,0,1,0,2,-2,0,29,-1,-3.333333333
......2550,3732,22,36,-14,292,240,52,2,3772,40,1.071811361
......2551,1501,10,13,-3,100,71,29,1,1528,27,1.7988008
......2553,1685,6,16,-10,132,102,30,-2,1703,18,1.068249258
......2554,2296,15,20,-5,173,143,30,1,2322,26,1.132404181
......2555,1491,18,19,-1,99,94,5,0,1495,4,0.268276325
......2556,3397,32,32,0,286,240,46,10,3453,56,1.648513394
......2571,770,7,6,1,72,90,-18,2,755,-15,-1.948051948
......2572,2776,28,30,-2,172,169,3,7,2784,8,0.288184438
......2573,4910,49,49,0,397,343,54,0,4964,54,1.099796334
......2574,325,5,1,4,56,59,-3,4,330,5,1.538461539
......2575,1742,16,11,5,134,104,30,-1,1776,34,1.951779564
......2576,2703,27,9,18,251,243,8,4,2733,30,1.109877913
......2578,1659,20,12,8,99,113,-14,-2,1651,-8,-0.482218204
......2579,4949,52,38,14,458,365,93,-12,5044,95,1.919579713
......2580,3157,33,25,8,280,258,22,2,3189,32,1.013620526
......2581,18166,204,194,10,1679,1445,234,-21,18389,223,1.227567984
......2582,904,6,12,-6,120,60,60,6,964,60,6.637168142
......2583,4948,48,59,-11,371,391,-20,-15,4902,-46,-0.929668553
......2584,1706,11,10,1,116,136,-20,5,1692,-14,-0.82063306
......2585,696,2,6,-4,52,43,9,0,701,5,0.718390805
......2586,5087,50,54,-4,399,384,15,-2,5096,9,0.176921565
......2601,16697,160,160,0,1407,1403,4,2,16703,6,0.035934599
......2611,817,4,7,-3,39,38,1,1,816,-1,-0.122399021
......2612,246,2,2,0,37,12,25,6,277,31,12.60162602
......2613,3849,34,28,6,241,236,5,-12,3848,-1,-0.025980774
......2614,2251,24,12,12,145,121,24,5,2292,41,1.821412706
......2615,906,10,5,5,72,61,11,-2,920,14,1.545253863
......2616,594,2,12,-10,25,25,0,5,589,-5,-0.841750842
......2617,491,7,3,4,40,29,11,-1,505,14,2.851323829
......2618,926,6,7,-1,61,65,-4,4,925,-1,-0.107991361
......2619,1255,3,13,-10,44,49,-5,4,1244,-11,-0.876494024
......2620,663,5,5,0,30,44,-14,-4,645,-18,-2.714932127
......2621,1878,15,13,2,102,86,16,-3,1893,15,0.798722045
......2622,651,7,5,2,57,33,24,-1,676,25,3.840245776
......2701,171017,1923,1846,77,11349,11000,349,70,171513,496,0.290029646
......2702,1158,6,17,-11,125,116,9,-5,1151,-7,-0.604490501
......2703,20895,140,260,-120,1573,1072,501,-32,21244,349,1.670256042
......2761,10184,80,87,-7,716,653,63,-3,10237,53,0.520424195
......2762,20695,216,213,3,1550,1312,238,-23,20913,218,1.05339454
......2763,9287,73,99,-26,522,579,-57,-2,9202,-85,-0.915257887
......2764,3408,22,22,0,230,209,21,-2,3427,19,0.557511737
......2765,15391,165,153,12,1183,1014,169,8,15580,189,1.227990384
......2766,10469,102,115,-13,687,720,-33,-13,10410,-59,-0.563568631
......2767,6528,58,42,16,545,509,36,13,6593,65,0.995710784
......2768,5041,46,35,11,403,308,95,9,5156,115,2.281293394
......2769,12119,126,123,3,1024,921,103,-22,12203,84,0.693126496
......2770,17723,164,173,-9,1065,947,118,-27,17805,82,0.462675619
......2771,11245,113,92,21,811,831,-20,-25,11221,-24,-0.21342819
......2772,2363,18,14,4,122,138,-16,7,2358,-5,-0.21159543
......2773,19021,146,173,-27,1328,1182,146,4,19144,123,0.646653699
......2774,1391,12,12,0,71,78,-7,1,1385,-6,-0.431344357
......2775,10008,82,70,12,555,615,-60,-13,9947,-61,-0.60951239
......2781,694,5,8,-3,29,31,-2,2,691,-3,-0.432276657
......2782,1638,16,17,-1,81,84,-3,9,1643,5,0.305250305
......2783,261,2,2,0,18,16,2,-1,262,1,0.383141763
......2784,740,3,8,-5,62,62,0,-5,730,-10,-1.351351351
......2785,1540,13,9,4,155,132,23,1,1568,28,1.818181818
......2786,1850,16,17,-1,153,173,-20,4,1833,-17,-0.918918919
......2787,5535,54,53,1,400,368,32,-12,5556,21,0.379403794
......2788,1131,9,11,-2,65,48,17,2,1148,17,1.503094607
......2789,430,0,6,-6,37,29,8,0,432,2,0.465116279
......2790,281,2,3,-1,9,19,-10,-2,268,-13,-4.62633452
......2791,1831,23,7,16,120,85,35,-2,1880,49,2.676133261
......2792,1421,8,12,-4,97,99,-2,2,1417,-4,-0.281491907
......2793,2274,31,19,12,247,189,58,-5,2339,65,2.858399296
......2821,1657,11,8,3,77,100,-23,-4,1633,-24,-1.448400724
......2822,1001,11,9,2,105,98,7,1,1011,10,0.999000999
......2823,4401,37,35,2,242,313,-71,7,4339,-62,-1.408770734
......2824,6507,70,50,20,457,515,-58,2,6471,-36,-0.553250346
......2825,4404,39,44,-5,402,322,80,-7,4472,68,1.544050863
......2826,1039,12,3,9,56,75,-19,2,1031,-8,-0.769971126
......2827,330,2,1,1,16,34,-18,-4,309,-21,-6.363636364
......2828,5054,48,37,11,443,356,87,-4,5148,94,1.85991294
......2829,14148,165,114,51,1231,1135,96,-26,14269,121,0.855244558
......2830,1405,11,9,2,90,80,10,5,1422,17,1.209964413
......2831,16153,169,137,32,1325,1111,214,-11,16388,235,1.454838111
......2832,712,5,3,2,72,44,28,4,746,34,4.775280899
......2833,1306,10,8,2,73,69,4,-1,1311,5,0.382848392
......2834,1542,15,13,2,109,87,22,3,1569,27,1.750972763
......2841,581,11,4,7,14,32,-18,-1,569,-12,-2.065404475
......2842,799,3,6,-3,67,62,5,3,804,5,0.625782228
......2843,696,4,9,-5,45,43,2,1,694,-2,-0.287356322
......2844,999,8,7,1,104,69,35,0,1035,36,3.603603604
......2845,746,5,7,-2,49,59,-10,4,738,-8,-1.072386059
......2846,6013,59,50,9,464,393,71,2,6095,82,1.363711957
......2847,253,2,2,0,32,13,19,-1,271,18,7.114624506
......2848,260,2,2,0,14,24,-10,1,251,-9,-3.461538462
......2849,2096,23,10,13,129,153,-24,0,2085,-11,-0.52480916
......2850,523,5,8,-3,41,31,10,0,530,7,1.338432122
......2851,157,1,1,0,8,4,4,0,161,4,2.547770701
......2852,1314,9,12,-3,78,66,12,-2,1321,7,0.532724505
......2853,944,7,6,1,81,84,-3,-3,939,-5,-0.529661017
......2854,257,0,1,-1,10,10,0,-1,255,-2,-0.778210117
......2855,486,2,2,0,22,37,-15,-1,470,-16,-3.29218107
......2856,2176,20,17,3,205,173,32,-10,2201,25,1.148897059
......2857,601,2,2,0,43,54,-11,4,594,-7,-1.164725458
......2858,767,7,3,4,56,41,15,-6,780,13,1.694915254
......2859,388,5,3,2,28,28,0,0,390,2,0.515463918
......2860,777,12,8,4,31,39,-8,4,777,0,0
......2861,6733,71,53,18,466,553,-87,2,6666,-67,-0.995098767
......2862,858,8,4,4,61,67,-6,2,858,0,0
......2863,934,9,6,3,49,68,-19,-2,916,-18,-1.927194861
......2864,1419,12,9,3,108,124,-16,-3,1403,-16,-1.127554616
......2865,709,3,4,-1,37,26,11,-2,717,8,1.128349788
......2866,609,6,6,0,31,34,-3,0,606,-3,-0.492610837
......2867,421,5,5,0,29,17,12,1,434,13,3.087885986
......2868,485,1,2,-1,28,22,6,-1,489,4,0.824742268
......2869,2498,19,12,7,154,158,-4,1,2502,4,0.160128103
......2881,561,5,5,0,25,26,-1,2,562,1,0.178253119
......2882,641,7,7,0,65,41,24,0,665,24,3.744149766
......2883,775,6,4,2,39,37,2,1,780,5,0.64516129
......2884,1623,11,13,-2,119,90,29,6,1656,33,2.033271719
......2885,520,7,3,4,29,23,6,0,530,10,1.923076923
......2886,2457,35,14,21,203,187,16,5,2499,42,1.709401709
......2887,503,4,4,0,20,20,0,0,503,0,0
......2888,955,8,11,-3,93,89,4,1,957,2,0.209424084
......2889,333,2,5,-3,6,20,-14,0,316,-17,-5.105105105
......2890,166,2,3,-1,9,7,2,2,169,3,1.807228916
......2891,1825,23,20,3,142,156,-14,-7,1807,-18,-0.98630137
......2892,2430,21,24,-3,176,192,-16,-2,2409,-21,-0.864197531
......2893,1591,16,9,7,116,85,31,-16,1613,22,1.382778127
......2894,408,3,4,-1,26,19,7,0,414,6,1.470588235
......2895,1179,13,9,4,83,141,-58,0,1125,-54,-4.580152672
......2901,828,7,6,1,84,53,31,4,864,36,4.347826087
......2903,1444,11,8,3,112,100,12,-3,1456,12,0.831024931
......2904,2131,22,12,10,240,176,64,-4,2201,70,3.284842797
......2914,360,5,3,2,45,17,28,-1,389,29,8.055555556
......2915,982,12,5,7,80,46,34,4,1027,45,4.582484725
......2917,765,4,4,0,41,39,2,4,771,6,0.784313726
......2919,1348,19,7,12,107,89,18,-2,1376,28,2.077151335
......2920,5422,46,46,0,335,301,34,-11,5445,23,0.424197713
......2931,302,2,3,-1,31,25,6,-1,306,4,1.324503311
......2932,4656,50,46,4,352,366,-14,-3,4643,-13,-0.279209622
......2933,823,6,3,3,86,36,50,-9,867,44,5.346294046
......2936,859,7,2,5,44,59,-15,0,849,-10,-1.164144354
......2937,10407,112,116,-4,801,757,44,7,10454,47,0.451619103
......2938,749,4,8,-4,44,37,7,1,753,4,0.534045394
......2939,36148,351,336,15,2203,1991,212,-43,36332,184,0.50901848
......2951,476,6,4,2,30,24,6,2,486,10,2.100840336
......2952,1675,11,24,-13,131,107,24,2,1688,13,0.776119403
......2953,847,14,8,6,65,55,10,0,863,16,1.889020071
......2961,313,2,2,0,53,56,-3,8,318,5,1.59744409
......2962,472,1,3,-2,25,29,-4,2,468,-4,-0.847457627
......2963,1443,8,10,-2,125,74,51,-14,1478,35,2.425502426
......2964,3421,17,39,-22,229,247,-18,-5,3376,-45,-1.315404852
......2971,2118,10,16,-6,189,122,67,0,2179,61,2.880075543
......2972,446,2,3,-1,12,22,-10,-1,434,-12,-2.69058296
......2973,603,6,10,-4,51,61,-10,2,591,-12,-1.990049751
......2974,1731,12,15,-3,127,112,15,-6,1737,6,0.346620451
......3001,15730,154,133,21,919,901,18,11,15780,50,0.317863954
......3002,956,12,7,5,64,64,0,-4,957,1,0.104602511
......3003,516,7,6,1,37,40,-3,4,518,2,0.387596899
......3004,1565,19,17,2,83,70,13,-1,1579,14,0.89456869
......3005,1418,16,14,2,75,72,3,0,1423,5,0.352609309
......3006,2271,36,25,11,126,95,31,2,2315,44,1.937472479
......3007,1767,19,9,10,164,101,63,6,1846,79,4.470854556
......3021,1746,22,20,2,163,140,23,-5,1766,20,1.145475372
......3022,3106,25,23,2,183,191,-8,-4,3096,-10,-0.321957502
......3023,4227,50,52,-2,284,226,58,10,4293,66,1.561391058
......3024,6201,75,58,17,447,407,40,9,6267,66,1.064344461
......3025,1750,11,12,-1,146,174,-28,0,1721,-29,-1.657142857
......3031,1040,11,15,-4,78,71,7,2,1045,5,0.480769231
......3032,4210,29,38,-9,256,272,-16,7,4192,-18,-0.427553444
......3033,1243,13,10,3,81,76,5,2,1253,10,0.804505229
......3034,1773,19,22,-3,91,105,-14,-6,1750,-23,-1.297236323
......3035,699,3,7,-4,50,52,-2,-3,690,-9,-1.287553648
......3036,864,6,8,-2,49,55,-6,1,857,-7,-0.810185185
......3037,2034,25,18,7,136,182,-46,-1,1994,-40,-1.966568338
......3038,1838,12,12,0,131,131,0,-2,1836,-2,-0.108813928
......3101,5825,164,96,68,360,515,-155,71,5809,-16,-0.274678112
......3102,1434,0,0,0,78,55,23,-2,1455,21,1.464435146
......3103,3543,1,0,1,215,124,91,-29,3606,63,1.778154107
......3104,1102,1,0,1,66,45,21,2,1126,24,2.177858439
......3105,2193,0,0,0,107,69,38,-29,2202,9,0.410396717
......3111,1906,20,25,-5,91,85,6,0,1907,1,0.052465897
......3201,1310,17,3,14,102,94,8,0,1332,22,1.679389313
......3202,1208,12,5,7,53,71,-18,3,1200,-8,-0.662251656
......3203,75481,865,714,151,5574,5636,-62,-48,75522,41,0.054318305
......3204,9779,111,76,35,597,627,-30,0,9784,5,0.051129972
......3212,2293,16,14,2,140,217,-77,57,2275,-18,-0.784997819
......3441,1909,18,14,4,143,111,32,6,1951,42,2.200104767
......3442,8437,95,50,45,392,503,-111,-3,8368,-69,-0.817826242
......3443,18055,207,150,57,1121,1043,78,-19,18171,116,0.642481307
......3444,3509,38,16,22,177,204,-27,-6,3498,-11,-0.313479624
......3211,843,5,5,0,50,70,-20,0,823,-20,-2.372479241
......3213,9052,58,87,-29,557,531,26,-1,9048,-4,-0.044189129
......3214,3569,33,17,16,156,158,-2,0,3583,14,0.392266741
......3215,9408,86,85,1,978,969,9,0,9418,10,0.106292517
......3216,7090,68,55,13,629,532,97,-23,7177,87,1.227080395
......3217,3568,34,35,-1,255,235,20,4,3591,23,0.644618834
......3218,1418,21,9,12,102,103,-1,0,1429,11,0.77574048
......3219,1060,6,4,2,39,46,-7,0,1055,-5,-0.471698113
......3237,6396,52,62,-10,536,461,75,19,6480,84,1.313320826
......3231,7541,83,52,31,625,572,53,-3,7622,81,1.0741281
......3232,4598,46,31,15,349,317,32,5,4650,52,1.13092649
......3233,3956,40,29,11,223,237,-14,3,3956,0,0
......3234,6456,61,32,29,376,360,16,1,6502,46,0.71251549
......3235,3452,33,29,4,293,266,27,2,3485,33,0.955967555
......3236,5841,49,50,-1,507,453,54,-5,5889,48,0.821777093
......3238,9490,101,68,33,602,543,59,-6,9576,86,0.906217071
......3251,11438,123,103,20,827,797,30,61,11549,111,0.970449379
......3252,1537,19,6,13,112,139,-27,-2,1521,-16,-1.040988939
......3253,2095,14,17,-3,142,181,-39,2,2055,-40,-1.909307876
......3254,8811,87,63,24,413,416,-3,7,8839,28,0.317784587
......3255,4480,33,33,0,351,320,31,-10,4501,21,0.46875
......3256,2305,21,19,2,180,129,51,-1,2357,52,2.255965293
......3271,12531,159,98,61,940,918,22,-2,12612,81,0.646396936
......3272,3339,50,14,36,267,237,30,-1,3404,65,1.946690626
......3273,6884,50,44,6,543,472,71,-10,6951,67,0.973271354
......3274,5455,53,43,10,484,380,104,-5,5564,109,1.998166819
......3275,4999,63,24,39,455,450,5,6,5049,50,1.00020004
......3276,5237,58,47,11,393,336,57,-9,5296,59,1.126599198
......3291,5874,50,49,1,461,414,47,1,5923,49,0.834184542
......3292,4919,56,46,10,248,241,7,5,4941,22,0.447245375
......3293,8605,100,77,23,380,396,-16,-2,8610,5,0.058105753
......3294,1572,17,16,1,88,85,3,-2,1574,2,0.127226463
......3295,2873,24,21,3,212,213,-1,2,2877,4,0.139227289
......3296,6063,64,39,25,427,409,18,12,6118,55,0.907141679
......3297,4738,49,30,19,359,315,44,19,4820,82,1.730688054
......3298,5590,50,52,-2,319,320,-1,11,5598,8,0.143112701
......3311,1793,8,17,-9,154,166,-12,12,1784,-9,-0.501952036
......3312,2916,42,14,28,255,177,78,-7,3015,99,3.395061728
......3313,4791,55,11,44,300,333,-33,-4,4798,7,0.146107285
......3315,3758,41,19,22,253,222,31,1,3812,54,1.43693454
......3316,1635,15,24,-9,141,125,16,4,1646,11,0.672782875
......3338,3738,22,31,-9,268,264,4,-9,3724,-14,-0.374531835
......3339,6340,70,50,20,448,476,-28,4,6336,-4,-0.063091483
......3340,26962,272,185,87,1360,1422,-62,2,26989,27,0.100140939
......3341,5053,45,37,8,316,306,10,0,5071,18,0.356224025
......3342,9245,92,62,30,737,522,215,-13,9477,232,2.509464575
......3352,5034,41,52,-11,256,268,-12,1,5012,-22,-0.437028208
......3359,2667,22,27,-5,160,169,-9,9,2662,-5,-0.187476565
......3360,3611,24,34,-10,200,208,-8,6,3599,-12,-0.332317917
......3372,914,10,5,5,60,62,-2,3,920,6,0.656455142
......3374,1907,15,23,-8,166,193,-27,-1,1871,-36,-1.887781856
......3375,1296,8,12,-4,102,142,-40,15,1267,-29,-2.237654321
......3378,4014,40,42,-2,281,260,21,10,4043,29,0.72247135
......3379,8630,86,71,15,591,528,63,5,8713,83,0.961761298
......3392,8977,94,61,33,583,571,12,-6,9016,39,0.434443578
......3393,1541,22,12,10,137,130,7,7,1565,24,1.55743024
......3394,2890,30,21,9,129,146,-17,2,2884,-6,-0.207612457
......3395,4734,61,40,21,300,326,-26,0,4729,-5,-0.105618927
......3401,3986,46,18,28,272,247,25,-1,4038,52,1.304565981
......3402,10505,113,76,37,597,600,-3,12,10551,46,0.437886721
......3405,3788,42,25,17,256,258,-2,-2,3801,13,0.343189018
......3407,6423,62,42,20,479,480,-1,8,6450,27,0.420364316
......3408,12816,135,87,48,785,781,4,-19,12849,33,0.257490637
......3422,1530,18,10,8,106,126,-20,6,1524,-6,-0.392156863
......3423,3069,38,13,25,178,161,17,6,3117,48,1.564027371
......3424,4358,56,25,31,328,402,-74,6,4321,-37,-0.849013309
......3426,4816,32,29,3,288,314,-26,-3,4790,-26,-0.53986711
......3427,23751,253,178,75,1554,1628,-74,16,23768,17,0.071575934
......3506,2716,20,25,-5,265,258,7,3,2721,5,0.184094256
......3513,538,8,4,4,68,57,11,1,554,16,2.973977695
......3514,245,2,6,-4,19,13,6,-1,246,1,0.408163265
......3521,503,1,5,-4,38,55,-17,-2,480,-23,-4.572564612
......3522,458,4,6,-2,33,49,-16,-6,434,-24,-5.240174672
......3542,1331,9,20,-11,96,94,2,2,1324,-7,-0.525920361
......3543,2356,15,18,-3,143,135,8,-18,2343,-13,-0.551782683
......3551,1122,7,18,-11,44,20,24,0,1135,13,1.158645276
......3561,3534,28,47,-19,78,76,2,-1,3516,-18,-0.509337861
......3746,1540,12,14,-2,106,113,-7,1,1532,-8,-0.519480519
......3752,758,5,5,0,68,65,3,1,762,4,0.527704486
......3762,4638,41,38,3,236,272,-36,-7,4598,-40,-0.862440707
......3764,876,4,15,-11,45,52,-7,1,859,-17,-1.940639269
......3847,1538,8,11,-3,81,102,-21,-3,1511,-27,-1.755526658
......3721,3229,41,20,21,220,183,37,7,3294,65,2.013007123
......3722,8043,82,72,10,503,481,22,-5,8070,27,0.335695636
......3723,1463,17,6,11,131,111,20,0,1494,31,2.118933698
......3731,2547,28,15,13,203,199,4,5,2569,22,0.863761288
......3732,2722,28,22,6,365,273,92,5,2825,103,3.783982366
......3733,1201,15,7,8,112,107,5,-1,1213,12,0.999167361
......3734,1340,15,6,9,145,86,59,0,1408,68,5.074626866
......3945,3301,29,20,9,200,236,-36,9,3283,-18,-0.545289306
......3946,2491,26,18,8,166,155,11,2,2512,21,0.843034926
......3947,3431,34,24,10,273,255,18,-16,3443,12,0.349752259
......3951,691,11,4,7,137,63,74,2,774,83,12.01157742
......3952,902,7,5,2,65,77,-12,4,896,-6,-0.66518847
......3953,2835,31,22,9,229,209,20,-4,2860,25,0.881834215
......3954,2310,15,11,4,183,157,26,1,2341,31,1.341991342
......3955,8854,88,71,17,589,618,-29,7,8849,-5,-0.056471651
......3781,616,2,4,-2,37,53,-16,0,598,-18,-2.922077922
......3782,1499,15,7,8,145,146,-1,0,1506,7,0.466977985
......3783,216,4,0,4,13,23,-10,-1,209,-7,-3.240740741
......3784,2197,20,14,6,219,212,7,-15,2195,-2,-0.091033227
......3785,745,2,6,-4,55,87,-32,3,712,-33,-4.429530201
......3786,2980,23,25,-2,259,273,-14,-8,2956,-24,-0.805369128
......3787,5084,29,37,-8,518,578,-60,-22,4994,-90,-1.770259638
......3788,694,4,6,-2,43,48,-5,-2,685,-9,-1.296829971
......3789,714,7,2,5,68,93,-25,-3,691,-23,-3.221288515
......3790,1054,10,3,7,162,102,60,-4,1117,63,5.977229602
......3791,1214,9,7,2,129,107,22,-31,1207,-7,-0.57660626
......3792,1537,7,19,-12,64,52,12,-6,1531,-6,-0.390370852
......3804,92,1,2,-1,9,16,-7,-1,83,-9,-9.782608696
......3805,273,1,2,-1,21,15,6,-1,277,4,1.465201465
......3808,148,2,6,-4,19,11,8,0,152,4,2.702702703
......3810,110,0,0,0,14,14,0,2,112,2,1.818181818
......3821,785,4,1,3,34,66,-32,4,760,-25,-3.184713376
......3822,1354,4,15,-11,105,70,35,-4,1374,20,1.477104874
......3823,353,0,8,-8,28,40,-12,4,337,-16,-4.532577904
......3831,572,2,6,-4,45,52,-7,3,564,-8,-1.398601399
......3832,1340,10,7,3,164,103,61,-31,1373,33,2.462686567
......3834,2484,17,22,-5,154,154,0,4,2483,-1,-0.040257649
......3835,788,2,10,-8,98,52,46,-1,825,37,4.695431472
......3837,192,1,1,0,27,23,4,-1,195,3,1.5625
......3901,34880,313,313,0,2320,2251,69,89,35038,158,0.452981651
......3911,1998,16,14,2,233,220,13,-1,2012,14,0.700700701
......3921,3219,21,29,-8,408,401,7,-33,3185,-34,-1.056228642
......3926,523,7,9,-2,28,41,-13,-3,505,-18,-3.4416826
......3932,327,6,3,3,21,34,-13,1,318,-9,-2.752293578
......3941,1030,7,5,2,100,108,-8,1,1025,-5,-0.485436893
......3851,11060,115,94,21,843,1025,-182,38,10937,-123,-1.112115732
......3861,622,5,5,0,40,62,-22,-2,598,-24,-3.8585209
......3862,215,0,3,-3,11,10,1,0,213,-2,-0.930232558
......3863,1168,10,15,-5,77,79,-2,0,1161,-7,-0.599315068
......3871,4476,25,48,-23,261,273,-12,-4,4437,-39,-0.871313673
......3881,221,3,2,1,15,12,3,0,225,4,1.809954751
......3882,860,8,11,-3,66,67,-1,-3,853,-7,-0.813953488
......3891,1550,10,18,-8,93,66,27,4,1573,23,1.483870968
......3961,2049,14,13,1,143,120,23,1,2074,25,1.220107369
......3962,2627,24,33,-9,188,188,0,-5,2613,-14,-0.532927293
......3972,1397,12,13,-1,101,119,-18,3,1381,-16,-1.145311382
......3572,608,7,2,5,46,34,12,-2,623,15,2.467105263
......3575,1725,31,9,22,243,236,7,1,1755,30,1.739130435
......3581,702,6,5,1,42,60,-18,1,686,-16,-2.279202279
......3582,624,8,5,3,90,106,-16,12,623,-1,-0.16025641
......3603,984,5,16,-11,147,65,82,-5,1050,66,6.707317073
......3611,204,0,1,-1,15,7,8,0,211,7,3.431372549
......3616,333,4,6,-2,20,23,-3,-3,325,-8,-2.402402402
......3618,2068,14,35,-21,95,84,11,-11,2047,-21,-1.015473888
......3619,4736,38,43,-5,258,290,-32,5,4704,-32,-0.675675676
......3672,897,12,7,5,44,40,4,-1,905,8,0.891861761
......3981,1263,8,12,-4,53,63,-10,-1,1248,-15,-1.187648456
......3982,2098,16,23,-7,161,149,12,-11,2092,-6,-0.285986654
......3983,385,0,7,-7,17,12,5,1,384,-1,-0.25974026
......3985,1216,8,20,-12,45,67,-22,-3,1179,-37,-3.042763158
......3986,1285,8,13,-5,62,88,-26,2,1256,-29,-2.256809339
......3987,1180,6,15,-9,53,52,1,0,1172,-8,-0.677966102
......3988,1147,12,7,5,78,70,8,0,1160,13,1.133391456
......3503,67,1,0,1,7,13,-6,-1,61,-6,-8.955223881
......3633,345,5,5,0,23,19,4,0,349,4,1.15942029
......3637,304,3,2,1,25,20,5,1,311,7,2.302631579
......3638,818,15,10,5,46,65,-19,3,807,-11,-1.344743276
......3640,926,9,4,5,67,64,3,-4,930,4,0.431965443
......3661,2132,17,23,-6,250,202,48,0,2174,42,1.969981238
......3662,247,1,0,1,11,7,4,2,254,7,2.834008097
......3663,478,6,1,5,27,27,0,-2,481,3,0.627615063
......3668,3044,31,44,-13,347,238,109,-2,3138,94,3.08804205
......3669,128,2,0,2,1,1,0,-1,129,1,0.78125
......3670,147,0,0,0,8,8,0,-1,146,-1,-0.680272109
......3673,1954,13,8,5,145,113,32,0,1991,37,1.893551689
......3681,168,1,1,0,7,5,2,-1,169,1,0.595238095
......3691,68,0,2,-2,4,7,-3,0,63,-5,-7.352941176
......3693,150,0,3,-3,2,10,-8,1,140,-10,-6.666666667
......3694,377,5,5,0,93,46,47,8,432,55,14.58885942
......3695,126,2,2,0,7,1,6,9,141,15,11.90476191
......3701,948,5,10,-5,58,53,5,-4,944,-4,-0.421940928
......3703,52,2,0,2,4,3,1,0,55,3,5.769230769
......3705,214,3,2,1,9,13,-4,0,211,-3,-1.401869159
......3707,44,0,0,0,0,2,-2,0,42,-2,-4.545454545
......3708,51,1,0,1,2,1,1,0,53,2,3.921568628
......3711,61,1,0,1,0,10,-10,1,53,-8,-13.1147541
......3712,391,3,4,-1,31,30,1,-3,388,-3,-0.767263427
......3713,79,0,1,-1,4,7,-3,1,76,-3,-3.797468354
......4001,21036,248,203,45,2189,2006,183,4,21268,232,1.102871268
......4002,1545,14,7,7,125,90,35,0,1587,42,2.718446602
......4003,7911,111,56,55,811,914,-103,59,7922,11,0.139046897
......4004,708,6,6,0,71,53,18,0,726,18,2.542372881
......4005,4091,34,32,2,320,279,41,5,4139,48,1.17330726
......4006,7624,72,60,12,522,447,75,-2,7709,85,1.114900315
......4007,1584,9,8,1,99,111,-12,1,1574,-10,-0.631313131
......4008,6081,69,49,20,377,381,-4,-6,6091,10,0.164446637
......4009,3879,29,29,0,237,252,-15,1,3865,-14,-0.360917762
......4010,7743,72,64,8,876,528,348,10,8109,366,4.726850058
......4012,9990,127,71,56,916,809,107,1,10154,164,1.641641642
......4013,4102,35,36,-1,352,352,0,9,4110,8,0.195026816
......4021,19222,230,127,103,1876,2033,-157,7,19175,-47,-0.244511497
......4022,1549,10,3,7,96,105,-9,1,1548,-1,-0.064557779
......4023,2751,38,20,18,257,203,54,4,2827,76,2.76263177
......4024,2967,33,13,20,244,252,-8,-7,2972,5,0.168520391
......4026,3415,42,17,25,376,325,51,5,3496,81,2.371888726
......4027,5526,71,32,39,450,451,-1,-18,5546,20,0.361925443
......4028,1035,5,4,1,54,52,2,-1,1037,2,0.193236715
......4029,5157,55,35,20,551,453,98,-17,5258,101,1.958503006
......4030,1981,21,7,14,189,114,75,4,2074,93,4.694598688
......4031,1700,16,6,10,168,138,30,7,1747,47,2.764705882
......4032,2114,25,7,18,143,155,-12,-4,2116,2,0.094607379
......4033,5369,59,35,24,618,509,109,-10,5492,123,2.29092941
......4034,8750,96,57,39,731,792,-61,2,8730,-20,-0.228571429
......4035,3747,46,28,18,460,201,259,1,4025,278,7.419268748
......4037,4082,33,23,10,287,263,24,7,4123,41,1.004409603
......4038,8663,83,70,13,533,627,-94,-14,8568,-95,-1.0966178
......4039,2104,15,10,5,111,152,-41,8,2076,-28,-1.330798479
......4040,11531,140,63,77,1034,834,200,-20,11788,257,2.228774608
......4041,2203,24,11,13,225,225,0,2,2218,15,0.680889696
......4042,3031,30,20,10,283,382,-99,9,2951,-80,-2.63939294
......4044,7224,86,58,28,593,615,-22,-11,7219,-5,-0.069213732
......4045,20535,206,197,9,1565,1378,187,-10,20721,186,0.905770636
......4046,1538,20,10,10,123,112,11,-3,1556,18,1.170351105
......4047,4618,45,47,-2,330,279,51,-9,4658,40,0.866175834
......4048,6336,59,39,20,402,374,28,2,6386,50,0.789141414
......4049,4775,51,26,25,336,292,44,-7,4837,62,1.298429319
......4061,1868,15,5,10,127,142,-15,4,1867,-1,-0.053533191
......4062,4663,46,28,18,342,306,36,-2,4715,52,1.115161913
......4063,7742,79,48,31,622,628,-6,-2,7765,23,0.297080858
......4064,1002,10,5,5,62,89,-27,1,981,-21,-2.095808383
......4065,3891,44,24,20,373,420,-47,9,3873,-18,-0.462606014
......4066,976,10,4,6,104,79,25,-1,1006,30,3.073770492
......4067,1630,21,10,11,127,119,8,1,1650,20,1.226993865
......4068,2448,21,20,1,168,192,-24,-4,2421,-27,-1.102941176
......4071,2037,14,9,5,156,138,18,1,2061,24,1.17820324
......4072,2850,18,9,9,247,232,15,-34,2840,-10,-0.350877193
......4073,1978,16,14,2,169,136,33,-1,2012,34,1.718907988
......4074,2313,20,9,11,176,134,42,-3,2363,50,2.161694769
......4075,4489,50,38,12,368,404,-36,1,4466,-23,-0.512363555
......4076,2851,29,17,12,182,184,-2,3,2864,13,0.455980358
......4077,1519,16,6,10,97,101,-4,-4,1521,2,0.13166557
......4078,460,6,1,5,40,35,5,3,473,13,2.826086957
......4079,1355,11,10,1,137,107,30,-3,1383,28,2.066420664
......4080,7210,100,57,43,744,647,97,-9,7341,131,1.816920943
......4081,3651,34,32,2,274,248,26,-11,3668,17,0.465625856
......4082,15824,157,142,15,1272,1027,245,-6,16078,254,1.605156724
......4083,4404,43,27,16,332,306,26,4,4450,46,1.044504996
......4084,632,5,1,4,29,48,-19,1,618,-14,-2.215189873
......4091,1584,13,11,2,90,106,-16,1,1571,-13,-0.820707071
......4092,4522,62,27,35,292,375,-83,-8,4466,-56,-1.238390093
......4093,695,4,7,-3,63,51,12,0,704,9,1.294964029
......4094,740,8,7,1,61,68,-7,0,734,-6,-0.810810811
......4095,11204,102,101,1,843,897,-54,-22,11129,-75,-0.669403784
......4096,603,7,3,4,37,52,-15,2,594,-9,-1.492537313
......4097,284,6,5,1,30,23,7,0,292,8,2.816901409
......4099,424,6,2,4,30,30,0,5,433,9,2.122641509
......4100,3491,40,25,15,326,242,84,-10,3580,89,2.549412776
......4104,2373,17,18,-1,169,170,-1,-1,2370,-3,-0.12642225
......4105,344,4,1,3,18,32,-14,1,334,-10,-2.906976744
......4106,388,3,2,1,29,25,4,1,394,6,1.546391753
......4107,1054,15,4,11,123,85,38,0,1103,49,4.648956357
......4110,1069,10,7,3,61,70,-9,2,1065,-4,-0.374181478
......4111,1486,16,11,5,104,118,-14,1,1478,-8,-0.538358008
......4112,869,6,5,1,43,55,-12,-2,856,-13,-1.495972382
......4113,652,7,5,2,52,41,11,-3,662,10,1.533742331
......4114,1321,11,13,-2,130,156,-26,0,1293,-28,-2.119606359
......4117,824,8,6,2,49,39,10,1,837,13,1.577669903
......4120,1447,10,7,3,104,116,-12,-3,1435,-12,-0.829302004
......4121,2043,23,18,5,211,177,34,0,2082,39,1.908957416
......4122,1624,12,9,3,140,114,26,-1,1652,28,1.724137931
......4123,7492,79,40,39,684,545,139,-16,7654,162,2.16230646
......4124,1563,11,7,4,120,111,9,-6,1570,7,0.447856686
......4125,2219,10,18,-8,148,142,6,-1,2216,-3,-0.135196034
......4131,3117,34,32,2,330,276,54,1,3174,57,1.828681424
......4132,1186,7,6,1,111,128,-17,2,1172,-14,-1.180438449
......4133,1019,11,10,1,114,109,5,1,1026,7,0.686947988
......4134,1213,12,11,1,84,64,20,3,1237,24,1.97856554
......4135,2111,20,14,6,169,170,-1,3,2119,8,0.378967314
......4136,1320,20,12,8,116,105,11,2,1341,21,1.590909091
......4137,475,6,4,2,24,55,-31,0,446,-29,-6.105263158
......4138,772,8,3,5,30,44,-14,-1,762,-10,-1.295336788
......4139,6066,66,55,11,665,522,143,2,6222,156,2.571711177
......4140,2684,36,18,18,242,223,19,9,2730,46,1.713859911
......4141,8270,80,71,9,745,571,174,5,8458,188,2.273276905
......4142,841,9,5,4,51,63,-12,5,838,-3,-0.356718193
......4143,1176,7,9,-2,63,72,-9,1,1166,-10,-0.850340136
......4144,4239,36,34,2,375,302,73,-14,4300,61,1.439018637
......4145,1575,16,15,1,206,131,75,-5,1646,71,4.507936508
......4146,3027,39,21,18,268,243,25,1,3071,44,1.453584407
......4147,1319,10,6,4,90,95,-5,3,1321,2,0.151630023
......4161,2255,25,12,13,180,169,11,-2,2277,22,0.975609756
......4163,5319,51,39,12,598,384,214,5,5550,231,4.342921602
......4164,1019,6,7,-1,72,64,8,3,1029,10,0.981354269
......4165,3512,33,26,7,214,221,-7,-7,3505,-7,-0.199316629
......4166,1471,15,8,7,118,85,33,-4,1507,36,2.447314752
......4167,957,8,6,2,84,100,-16,-6,937,-20,-2.089864159
......4169,2582,18,22,-4,200,134,66,3,2647,65,2.51742835
......4170,3569,35,17,18,296,229,67,-28,3626,57,1.597086019
......4172,911,10,7,3,98,78,20,2,936,25,2.744237102
......4173,598,10,6,4,33,32,1,-1,602,4,0.668896321
......4175,965,15,8,7,89,46,43,1,1016,51,5.284974093
......4176,684,5,0,5,65,87,-22,-3,664,-20,-2.923976608
......4177,1564,18,8,10,127,110,17,-2,1589,25,1.598465473
......4179,906,8,5,3,60,73,-13,-1,895,-11,-1.214128035
......4181,1255,15,10,5,137,72,65,1,1326,71,5.657370518
......4182,1027,7,8,-1,69,59,10,4,1040,13,1.265822785
......4183,1116,11,6,5,139,90,49,-1,1169,53,4.749103943
......4184,1933,14,12,2,152,125,27,4,1966,33,1.707190895
......4191,690,9,8,1,55,65,-10,-2,679,-11,-1.594202899
......4192,1390,12,8,4,120,111,9,-5,1398,8,0.575539568
......4193,738,6,2,4,135,68,67,0,809,71,9.620596206
......4194,2188,23,10,13,183,193,-10,1,2192,4,0.182815357
......4195,1352,12,13,-1,135,82,53,3,1407,55,4.068047337
......4196,2061,16,15,1,137,139,-2,-1,2059,-2,-0.097040272
......4197,872,7,7,0,98,96,2,2,876,4,0.458715596
......4198,1208,17,9,8,146,136,10,1,1227,19,1.572847682
......4199,1178,27,5,22,137,119,18,-2,1216,38,3.225806452
......4200,3954,48,15,33,399,359,40,-2,4025,71,1.795649975
......4201,9503,110,75,35,1402,744,658,-23,10173,670,7.050405135
......4202,2885,23,15,8,230,183,47,-2,2938,53,1.837088388
......4203,4394,35,37,-2,258,272,-14,7,4385,-9,-0.204824761
......4204,4685,55,33,22,440,402,38,2,4747,62,1.323372465
......4205,2721,32,20,12,324,274,50,1,2784,63,2.315325248
......4206,5388,73,28,45,462,404,58,-15,5476,88,1.633259094
......4207,3071,26,8,18,224,281,-57,-5,3027,-44,-1.432758059
......4208,3854,31,24,7,298,216,82,8,3951,97,2.516865594
......4209,5127,49,43,6,427,323,104,-10,5227,100,1.950458358
......4210,3160,40,15,25,276,231,45,3,3233,73,2.310126582
......4221,997,8,3,5,51,84,-33,7,976,-21,-2.106318957
......4222,1413,17,8,9,145,135,10,4,1436,23,1.627742392
......4223,2064,28,8,20,196,171,25,1,2110,46,2.228682171
......4224,1110,12,6,6,99,67,32,-3,1145,35,3.153153153
......4226,616,12,3,9,47,52,-5,4,624,8,1.298701299
......4227,617,9,6,3,43,42,1,-1,620,3,0.486223663
......4228,2808,35,20,15,194,234,-40,0,2783,-25,-0.89031339
......4229,1037,15,6,9,138,69,69,2,1117,80,7.714561234
......4230,1210,14,6,8,83,70,13,-4,1227,17,1.404958678
......4231,1310,15,7,8,103,96,7,0,1325,15,1.145038168
......4232,199,1,0,1,25,16,9,-1,208,9,4.522613065
......4233,354,6,4,2,46,37,9,-1,364,10,2.824858757
......4234,3491,42,25,17,277,241,36,-9,3535,44,1.260383844
......4235,1096,16,6,10,153,87,66,0,1172,76,6.934306569
......4236,7638,79,55,24,632,497,135,-28,7769,131,1.715108667
......4237,1575,19,8,11,108,121,-13,0,1573,-2,-0.126984127
......4238,790,8,4,4,81,62,19,3,816,26,3.291139241
......4239,4302,39,26,13,284,282,2,-2,4315,13,0.30218503
......4240,2820,20,15,5,271,219,52,1,2878,58,2.056737589
......4251,797,3,3,0,26,41,-15,1,783,-14,-1.756587202
......4252,5572,68,31,37,378,396,-18,-3,5588,16,0.287150036
......4253,3932,22,25,-3,181,185,-4,0,3925,-7,-0.17802645
......4254,10913,96,77,19,657,575,82,-10,11004,91,0.833867864
......4255,1392,21,9,12,142,111,31,-5,1430,38,2.729885058
......4256,1051,8,9,-1,55,55,0,0,1050,-1,-0.095147479
......4257,357,2,3,-1,29,23,6,-3,359,2,0.56022409
......4258,13337,147,95,52,878,895,-17,-35,13337,0,0
......4259,812,8,5,3,78,65,13,3,831,19,2.339901478
......4260,3215,43,20,23,232,263,-31,-15,3192,-23,-0.715396579
......4261,1920,13,10,3,153,117,36,1,1960,40,2.083333333
......4262,1079,9,4,5,60,76,-16,4,1072,-7,-0.648748842
......4263,2278,20,13,7,129,131,-2,5,2288,10,0.438981563
......4264,873,3,5,-2,65,50,15,-2,884,11,1.26002291
......4271,7854,114,54,60,823,673,150,4,8068,214,2.724726254
......4272,284,2,4,-2,26,13,13,0,295,11,3.873239437
......4273,797,4,6,-2,49,54,-5,0,790,-7,-0.878293601
......4274,3882,34,28,6,257,251,6,6,3900,18,0.463678516
......4275,853,13,7,6,71,74,-3,-2,854,1,0.117233294
......4276,4336,48,35,13,334,338,-4,-3,4342,6,0.138376384
......4277,903,8,10,-2,96,71,25,-1,925,22,2.436323367
......4279,2920,17,16,1,235,239,-4,-5,2912,-8,-0.273972603
......4280,13511,159,94,65,1078,1045,33,-3,13606,95,0.703130782
......4281,1269,12,9,3,91,88,3,0,1275,6,0.472813239
......4282,8853,77,67,10,565,512,53,11,8927,74,0.835874845
......4283,3740,30,36,-6,335,280,55,9,3798,58,1.550802139
......4284,1109,11,4,7,191,71,120,0,1236,127,11.45175834
......4285,4669,33,43,-10,514,353,161,0,4820,151,3.234097237
......4286,1359,14,9,5,94,109,-15,-3,1346,-13,-0.956585725
......4287,1942,21,13,8,132,119,13,-20,1943,1,0.051493306
......4288,167,1,0,1,2,6,-4,0,164,-3,-1.796407186
......4289,11560,129,112,17,941,940,1,-17,11561,1,0.008650519
......4301,275,2,2,0,18,32,-14,0,261,-14,-5.090909091
......4302,170,3,0,3,9,8,1,0,174,4,2.352941177
......4303,3942,40,35,5,304,266,38,1,3986,44,1.116184678
......4304,3864,40,23,17,343,329,14,-1,3894,30,0.776397516
......4305,2584,33,20,13,150,166,-16,-7,2574,-10,-0.386996904
......4306,458,8,1,7,38,26,12,1,478,20,4.366812227
......4307,880,12,6,6,55,59,-4,-3,879,-1,-0.113636364
......4308,414,8,3,5,50,45,5,-1,423,9,2.173913044
......4309,3340,38,26,12,348,234,114,6,3472,132,3.952095808
......4310,1632,17,12,5,193,157,36,0,1673,41,2.512254902
......4311,1283,11,13,-2,87,79,8,0,1289,6,0.467653936
......4312,2680,26,17,9,180,121,59,-5,2743,63,2.350746269
......4313,2129,15,12,3,211,185,26,-10,2148,19,0.892437764
......4314,256,0,3,-3,8,20,-12,0,241,-15,-5.859375
......4315,1003,7,5,2,141,184,-43,6,968,-35,-3.489531406
......4316,740,7,2,5,63,57,6,2,753,13,1.756756757
......4317,309,1,3,-2,45,40,5,0,312,3,0.970873786
......4318,1360,3,9,-6,93,58,35,2,1391,31,2.279411765
......4319,636,9,2,7,58,75,-17,4,630,-6,-0.943396226
......4320,1204,14,5,9,92,92,0,-9,1204,0,0
......4322,358,2,4,-2,16,38,-22,4,338,-20,-5.586592179
......4323,4165,41,52,-11,443,342,101,-13,4242,77,1.848739496
......4401,14340,153,140,13,1143,947,196,-12,14537,197,1.373779637
......4406,728,6,8,-2,34,54,-20,0,706,-22,-3.021978022
......4411,4699,52,34,18,282,274,8,-17,4708,9,0.191530113
......4416,1244,6,10,-4,82,130,-48,2,1194,-50,-4.019292605
......4421,2604,24,28,-4,288,150,138,1,2739,135,5.184331797
......4426,996,9,13,-4,63,54,9,0,1001,5,0.502008032
......4431,3065,28,17,11,184,198,-14,4,3066,1,0.032626427
......4436,10803,118,107,11,850,694,156,-1,10969,166,1.536610201
......4441,1457,14,8,6,120,159,-39,1,1425,-32,-2.196293754
......4446,549,11,3,8,52,40,12,-4,565,16,2.9143898
......4451,1858,17,14,3,139,150,-11,7,1857,-1,-0.053821313
......4461,13346,159,105,54,867,822,45,17,13462,116,0.869174284
......4536,1815,17,11,6,116,125,-9,11,1823,8,0.44077135
......4545,3767,35,28,7,361,241,120,3,3897,130,3.451022033
......4546,1665,19,12,7,134,128,6,0,1678,13,0.780780781
......4561,2749,30,10,20,262,230,32,-2,2799,50,1.818843216
......4566,25200,271,210,61,1705,1551,154,27,25442,242,0.96031746
......4571,4225,46,19,27,329,298,31,4,4287,62,1.467455621
......4590,840,10,3,7,47,55,-8,2,841,1,0.119047619
......4591,2692,33,13,20,377,225,152,-7,2857,165,6.129271917
......4601,995,14,4,10,64,55,9,-3,1011,16,1.608040201
......4606,1196,11,5,6,79,71,8,0,1210,14,1.170568562
......4611,1462,17,8,9,69,89,-20,1,1452,-10,-0.683994528
......4616,1079,15,4,11,85,84,1,3,1094,15,1.390176089
......4621,1260,16,10,6,152,101,51,0,1317,57,4.523809524
......4801,884,8,4,4,93,67,26,-11,903,19,2.149321267
......4806,1729,16,15,1,147,120,27,5,1762,33,1.908617698
......4811,1030,10,7,3,84,87,-3,4,1034,4,0.388349515
......4816,1537,14,11,3,79,85,-6,-2,1532,-5,-0.325309044
......4821,1705,22,11,11,106,111,-5,4,1715,10,0.586510264
......4826,653,8,2,6,39,45,-6,-3,650,-3,-0.45941807
......4831,2939,24,20,4,274,241,33,-6,2970,31,1.054780538
......4841,1951,18,12,6,156,117,39,0,1996,45,2.306509482
......4864,3754,31,40,-9,289,259,30,5,3780,26,0.692594566
......4871,1661,12,9,3,123,131,-8,1,1657,-4,-0.240818784
......4641,2161,29,10,19,161,143,18,10,2208,47,2.174919019
......4643,2188,17,19,-2,175,190,-15,-1,2170,-18,-0.822669104
......4646,3308,25,20,5,273,213,60,5,3378,70,2.116082225
......4651,326,11,1,10,41,27,14,1,351,25,7.668711656
......4656,1568,22,13,9,133,105,28,2,1607,39,2.487244898
......4666,2465,22,19,3,185,161,24,2,2494,29,1.176470588
......4671,21560,218,168,50,1895,1663,232,-41,21801,241,1.117810761
......4681,1285,13,9,4,107,89,18,6,1313,28,2.178988327
......4683,1686,16,12,4,152,123,29,-1,1718,32,1.897983393
......4691,3333,27,18,9,407,300,107,-1,3448,115,3.450345035
......4696,4524,44,22,22,378,309,69,2,4617,93,2.055702918
......4701,1049,9,6,3,105,109,-4,0,1048,-1,-0.095328885
......4846,391,3,2,1,25,26,-1,3,394,3,0.767263427
......4851,1288,8,9,-1,99,110,-11,0,1276,-12,-0.931677019
......4551,8865,90,58,32,585,594,-9,-3,8885,20,0.225606317
......4716,1177,14,5,9,149,89,60,2,1248,71,6.032285472
......4721,2826,24,18,6,213,210,3,4,2839,13,0.460014154
......4723,763,5,7,-2,54,48,6,3,770,7,0.917431193
......4724,4309,46,25,21,294,321,-27,5,4308,-1,-0.023207241
......4726,2686,32,21,11,176,184,-8,6,2695,9,0.335070737
......4741,1217,10,8,2,92,80,12,-7,1224,7,0.575184881
......4746,5377,60,45,15,531,359,172,-10,5554,177,3.291798401
......4751,2773,28,10,18,237,255,-18,2,2775,2,0.072124053
......4761,7738,74,64,10,539,550,-11,0,7737,-1,-0.012923236
......4776,1596,12,7,5,115,109,6,-8,1599,3,0.187969925
......4781,4632,41,34,7,300,275,25,-2,4662,30,0.647668394
......4786,2490,22,18,4,172,164,8,2,2504,14,0.562248996
......4471,5947,62,34,28,433,400,33,1,6009,62,1.042542458
......4476,3649,46,27,19,334,318,16,3,3687,38,1.0413812
......4486,1920,24,9,15,133,127,6,2,1943,23,1.197916667
......4495,598,6,9,-3,49,41,8,-1,602,4,0.668896321
......4501,3535,45,19,26,326,318,8,1,3570,35,0.99009901
......4506,3741,35,36,-1,321,295,26,0,3766,25,0.668270516
......4511,2281,25,7,18,201,135,66,2,2367,86,3.770276195
......4711,2520,26,10,16,220,197,23,3,2562,42,1.666666667
......4756,838,13,4,9,51,53,-2,0,845,7,0.835322196
......4791,1133,14,5,9,46,61,-15,-1,1126,-7,-0.617828773
......4881,1311,12,8,4,133,110,23,-3,1335,24,1.830663616
......4891,3308,33,24,9,263,254,9,2,3328,20,0.604594921
......4901,1338,15,7,8,81,77,4,2,1352,14,1.046337818
......4911,3751,41,21,20,350,336,14,3,3788,37,0.986403626
......4921,2268,29,17,12,238,191,47,-8,2319,51,2.248677249
......4941,2802,31,19,12,211,213,-2,5,2817,15,0.535331906
......4946,11288,110,108,2,841,751,90,8,11388,100,0.885896527
......4951,2423,26,19,7,185,184,1,7,2438,15,0.619067272
......5001,4944,52,38,14,422,338,84,-3,5039,95,1.921521036
......5002,42901,421,337,84,2081,1950,131,65,43181,280,0.652665439
......5003,2855,36,14,22,269,229,40,15,2932,77,2.697022767
......5009,384,1,4,-3,11,15,-4,1,378,-6,-1.5625
......5010,1448,7,7,0,139,110,29,-7,1470,22,1.519337017
......5017,2452,24,11,13,198,154,44,4,2513,61,2.48776509
......5048,1850,16,26,-10,97,84,13,-3,1850,0,0
......5049,1816,21,20,1,94,91,3,6,1826,10,0.550660793
......5050,2101,10,22,-12,95,116,-21,3,2071,-30,-1.42789148
......5061,1526,15,16,-1,93,95,-2,4,1527,1,0.0655308
......5063,109,1,0,1,14,19,-5,4,109,0,0
......5064,1038,12,17,-5,98,108,-10,8,1031,-7,-0.674373796
......5071,192,1,1,0,5,12,-7,1,186,-6,-3.125
......5072,2978,18,27,-9,113,121,-8,-12,2949,-29,-0.973807925
......5073,879,4,18,-14,79,73,6,2,873,-6,-0.682593857
......5076,340,2,3,-1,29,26,3,2,344,4,1.176470588
......5077,780,4,8,-4,46,71,-25,6,757,-23,-2.948717949
......5078,424,2,3,-1,28,34,-6,-4,413,-11,-2.594339623
......5079,1069,6,20,-14,65,77,-12,1,1044,-25,-2.338634238
......5091,5515,24,67,-43,455,387,68,-6,5534,19,0.344514959
......5095,175,2,1,1,22,9,13,1,190,15,8.571428571
......5096,495,2,8,-6,45,46,-1,0,488,-7,-1.414141414
......5097,1773,6,28,-22,128,117,11,-4,1758,-15,-0.846023689
......5102,14,0,0,0,0,2,-2,0,12,-2,-14.28571429
......5105,107,0,0,0,6,9,-3,3,107,0,0
......5108,4568,30,25,5,403,303,100,0,4673,105,2.298598949
......5112,1318,15,10,5,108,100,8,-2,1329,11,0.834597876
......5113,16122,137,193,-56,1038,1130,-92,38,16012,-110,-0.682297482
......5115,6612,42,62,-20,460,438,22,8,6622,10,0.151240169
......5117,216,1,1,0,16,16,0,0,216,0,0
......5118,7268,44,75,-31,472,483,-11,0,7226,-42,-0.577875619
......5120,2686,14,50,-36,308,265,43,20,2713,27,1.005212212
......5121,767,4,13,-9,59,76,-17,-6,735,-32,-4.172099087
......5125,603,2,12,-10,50,38,12,3,608,5,0.829187396
......5129,87,0,0,0,2,2,0,1,88,1,1.149425287
......5131,3040,31,22,9,279,226,53,6,3108,68,2.236842105
......5135,272,4,3,1,19,13,6,0,279,7,2.573529412
......5136,698,2,13,-11,22,21,1,5,693,-5,-0.716332378
......5138,2909,20,22,-2,141,194,-53,23,2877,-32,-1.100034376
......5396,2608,14,16,-2,139,143,-4,-4,2598,-10,-0.383435583
......5397,1183,4,10,-6,55,92,-37,11,1151,-32,-2.70498732
......5398,5154,42,52,-10,321,325,-4,-3,5137,-17,-0.3298409
......5141,4518,41,40,1,318,361,-43,4,4480,-38,-0.841080124
......5143,368,3,2,1,32,28,4,2,375,7,1.902173913
......5144,1004,7,14,-7,74,56,18,-4,1011,7,0.697211155
......5146,305,1,1,0,32,36,-4,2,303,-2,-0.655737705
......5148,1574,11,12,-1,71,102,-31,0,1542,-32,-2.033036849
......5149,644,3,1,2,37,50,-13,1,634,-10,-1.552795031
......5151,2648,18,22,-4,194,191,3,0,2647,-1,-0.03776435
......5154,905,9,4,5,124,113,11,5,926,21,2.320441989
......5160,495,4,5,-1,36,41,-5,-4,485,-10,-2.02020202
......5161,791,6,5,1,59,55,4,0,796,5,0.632111252
......5162,1520,8,11,-3,88,97,-9,-1,1507,-13,-0.855263158
......5167,2121,16,15,1,162,167,-5,-1,2116,-5,-0.23573786
......5171,4373,29,44,-15,262,286,-24,-4,4330,-43,-0.983306654
......5176,2083,11,18,-7,76,129,-53,9,2032,-51,-2.448391743
......5178,875,3,7,-4,39,47,-8,-9,854,-21,-2.4
......5180,1359,11,10,1,122,97,25,2,1387,28,2.060338484
......5181,546,2,6,-4,47,43,4,-2,544,-2,-0.366300366
......5186,526,7,1,6,32,48,-16,-1,515,-11,-2.091254753
......5187,1299,5,5,0,99,74,25,-3,1321,22,1.69361047
......5189,1785,12,15,-3,123,133,-10,8,1780,-5,-0.280112045
......5192,63932,517,620,-103,3963,4203,-240,-95,63494,-438,-0.685102922
......5193,1594,15,14,1,128,120,8,4,1607,13,0.815558344
......5194,1318,11,8,3,88,74,14,3,1338,20,1.517450683
......5195,664,3,8,-5,106,82,24,0,683,19,2.861445783
......5196,6195,43,70,-27,638,534,104,-4,6268,73,1.178369653
......5197,1457,14,13,1,110,119,-9,-4,1445,-12,-0.823610158
......5198,1806,11,24,-13,178,157,21,2,1816,10,0.553709856
......5199,1375,6,14,-8,84,82,2,-13,1356,-19,-1.381818182
......5200,308,1,0,1,23,23,0,2,311,3,0.974025974
......5202,896,4,5,-1,54,52,2,-6,891,-5,-0.558035714
......5203,755,1,9,-8,54,71,-17,-5,725,-30,-3.973509934
......5205,804,4,6,-2,57,46,11,-1,812,8,0.995024876
......5206,331,2,3,-1,11,26,-15,2,317,-14,-4.229607251
......5207,843,7,16,-9,61,73,-12,7,829,-14,-1.660735469
......5208,1466,10,12,-2,96,86,10,-3,1471,5,0.34106412
......5210,4152,35,39,-4,454,454,0,-4,4144,-8,-0.192678227
......5212,1884,10,10,0,114,105,9,-4,1889,5,0.265392781
......5213,813,3,7,-4,78,88,-10,-4,795,-18,-2.21402214
......5214,1612,9,11,-2,109,140,-31,1,1580,-32,-1.985111663
......5216,1398,7,13,-6,99,118,-19,-9,1364,-34,-2.43204578
......5219,834,12,2,10,61,64,-3,-3,838,4,0.479616307
......5221,2212,22,21,1,186,164,22,-5,2230,18,0.813743219
......5222,703,6,6,0,49,69,-20,-1,682,-21,-2.987197724
......5225,1783,12,12,0,217,191,26,-30,1779,-4,-0.224340998
......5226,6603,59,46,13,325,283,42,2,6660,57,0.86324398
......5227,3066,25,23,2,189,214,-25,10,3053,-13,-0.424005219
......5230,582,2,3,-1,50,49,1,1,583,1,0.171821306
......5231,1971,9,15,-6,127,147,-20,2,1947,-24,-1.217656012
......5233,382,3,1,2,44,44,0,-2,382,0,0
......5236,4656,23,32,-9,860,607,253,11,4911,255,5.476804124
......5237,1414,8,14,-6,77,85,-8,5,1405,-9,-0.636492221
......5238,4655,49,29,20,238,397,-159,-14,4502,-153,-3.2867884
......5242,3385,29,35,-6,227,273,-46,12,3345,-40,-1.1816839
......5249,2131,18,20,-2,133,131,2,-1,2130,-1,-0.046926326
......5250,8331,63,84,-21,636,744,-108,-20,8182,-149,-1.78850078
......5251,2892,19,17,2,186,153,33,0,2927,35,1.210235131
......5254,15110,111,140,-29,935,1088,-153,-14,14914,-196,-1.297154203
......5257,4597,34,38,-4,264,282,-18,-3,4572,-25,-0.543832935
......5260,2398,18,22,-4,128,152,-24,-5,2365,-33,-1.376146789
......5263,2627,17,29,-12,139,142,-3,5,2617,-10,-0.380662352
......5266,4627,37,32,5,260,269,-9,-7,4616,-11,-0.237735033
......5268,3407,32,33,-1,254,290,-36,13,3383,-24,-0.704432052
......5269,2059,17,21,-4,80,101,-21,-1,2033,-26,-1.262748907
......5281,6176,49,58,-9,279,316,-37,-4,6126,-50,-0.809585492
......5287,4132,34,25,9,266,234,32,19,4192,60,1.452081317
......5304,55,0,0,0,4,12,-8,3,50,-5,-9.090909091
......5307,56,1,1,0,6,11,-5,2,53,-3,-5.357142857
......5309,51,0,1,-1,0,2,-2,1,49,-2,-3.921568627
......5310,1177,9,15,-6,77,68,9,-3,1177,0,0
......5315,45,1,0,1,7,3,4,-2,48,3,6.666666667
......5317,2592,20,18,2,133,135,-2,-6,2586,-6,-0.231481481
......5323,569,3,6,-3,30,74,-44,4,526,-43,-7.55711775
......5324,1479,19,16,3,73,69,4,-7,1479,0,0
......5401,9961,136,76,60,894,796,98,12,10131,170,1.706655958
......5402,7608,87,61,26,742,670,72,41,7747,139,1.827024185
......5403,395,3,4,-1,54,46,8,0,402,7,1.772151899
......5404,440,3,7,-4,28,26,2,-1,437,-3,-0.681818182
......5405,1375,9,12,-3,159,174,-15,7,1364,-11,-0.8
......5406,926,12,11,1,101,102,-1,-1,925,-1,-0.107991361
......5407,4172,28,28,0,1299,1420,-121,-19,4032,-140,-3.355704698
......5408,1058,10,4,6,96,106,-10,0,1054,-4,-0.378071834
......5409,7503,40,39,1,810,842,-32,25,7497,-6,-0.079968013
......5410,1104,6,12,-6,118,101,17,0,1115,11,0.996376812
......5411,1477,14,18,-4,95,102,-7,2,1468,-9,-0.609343263
......5412,853,12,4,8,90,105,-15,-3,843,-10,-1.172332943
......5413,1625,29,9,20,180,180,0,2,1647,22,1.353846154
......5414,5573,68,42,26,560,486,74,0,5673,100,1.794365692
......5415,1058,22,8,14,92,118,-26,5,1051,-7,-0.661625709
......5451,4166,55,25,30,408,394,14,-2,4208,42,1.008161306
......5456,1557,11,10,1,123,92,31,0,1589,32,2.055234425
......5458,879,6,8,-2,99,78,21,-3,895,16,1.820250284
......5464,2943,39,27,12,326,192,134,-3,3086,143,4.858987428
......5663,208,0,4,-4,14,11,3,1,208,0,0
......5665,223,1,3,-2,9,11,-2,1,220,-3,-1.34529148
......5669,309,1,2,-1,34,24,10,0,318,9,2.912621359
......5671,242,3,1,2,29,14,15,0,259,17,7.024793388
......5673,379,2,2,0,30,29,1,-1,379,0,0
......5674,143,1,2,-1,17,20,-3,2,141,-2,-1.398601399
......5675,4069,59,25,34,468,427,41,-11,4133,64,1.572868027
......5678,6114,86,43,43,582,548,34,-4,6187,73,1.193981027
......5683,166,2,1,1,15,22,-7,0,160,-6,-3.614457831
......5684,60,2,0,2,10,10,0,0,62,2,3.333333333
......5688,146,2,0,2,25,25,0,1,149,3,2.054794521
......5690,143,0,0,0,5,6,-1,0,142,-1,-0.699300699
......5692,557,5,5,0,76,50,26,-1,582,25,4.488330341
......5785,427,7,5,2,66,34,32,-3,458,31,7.259953162
......5798,439,7,2,5,69,55,14,-2,456,17,3.872437358
......5803,466,6,2,4,79,33,46,0,516,50,10.72961373
......5812,130,1,1,0,10,12,-2,0,128,-2,-1.538461538
......5813,446,9,4,5,43,25,18,0,469,23,5.156950673
......5816,2381,29,15,14,295,251,44,4,2443,62,2.603947921
......5817,889,9,7,2,82,85,-3,0,888,-1,-0.112485939
......5819,334,4,0,4,62,40,22,-1,359,25,7.48502994
......5821,359,3,4,-1,23,24,-1,-6,351,-8,-2.228412256
......5822,9486,136,80,56,833,701,132,25,9699,213,2.245414295
......5827,262,2,2,0,22,13,9,-1,270,8,3.053435115
......5828,131,0,2,-2,5,11,-6,-1,122,-9,-6.870229008
......5830,423,4,5,-1,27,34,-7,1,416,-7,-1.654846336
......5831,2962,30,23,7,337,279,58,-2,3025,63,2.126941256
......5471,583,8,4,4,48,71,-23,7,571,-12,-2.058319039
......5472,372,2,2,0,71,25,46,-1,417,45,12.09677419
......5473,980,14,3,11,59,69,-10,1,982,2,0.204081633
......5480,958,19,5,14,110,86,24,3,999,41,4.279749478
......5487,460,5,2,3,46,51,-5,1,459,-1,-0.217391304
......5489,709,14,2,12,59,63,-4,3,720,11,1.551480959
......5495,3247,46,30,16,326,317,9,4,3276,29,0.893132122
......5496,1698,15,10,5,153,132,21,1,1725,27,1.590106007
......5501,976,7,5,2,96,72,24,2,1004,28,2.868852459
......5503,1252,7,5,2,99,69,30,0,1284,32,2.555910543
......5511,1058,12,5,7,97,92,5,-1,1069,11,1.039697543
......5512,1157,10,8,2,132,76,56,2,1217,60,5.185825411
......5513,477,3,0,3,64,49,15,-4,491,14,2.935010482
......5514,1245,13,7,6,140,129,11,0,1262,17,1.365461847
......5515,818,9,2,7,112,113,-1,-1,823,5,0.611246944
......5516,2730,25,18,7,244,250,-6,4,2735,5,0.183150183
......5518,5687,61,39,22,507,495,12,11,5732,45,0.791278354
......5520,944,18,7,11,83,57,26,0,981,37,3.919491525
......5521,1120,8,6,2,81,86,-5,0,1117,-3,-0.267857143
......5522,697,7,4,3,59,56,3,0,703,6,0.860832138
......5523,2462,32,9,23,231,153,78,-6,2557,95,3.858651503
......5527,1075,12,3,9,94,85,9,-3,1090,15,1.395348837
......5529,562,9,2,7,66,57,9,0,578,16,2.846975089
......5530,534,2,4,-2,45,32,13,-2,543,9,1.685393258
......5531,412,1,1,0,42,36,6,0,418,6,1.45631068
......5533,844,15,2,13,68,76,-8,1,850,6,0.710900474
......5534,270,5,0,5,11,30,-19,0,256,-14,-5.185185185
......5535,778,10,5,5,52,64,-12,0,771,-7,-0.899742931
......5537,1066,20,9,11,167,91,76,-2,1151,85,7.973733584
......5539,988,11,7,4,71,59,12,-1,1003,15,1.518218624
......5540,1694,17,3,14,176,153,23,0,1731,37,2.184179457
......5541,1050,14,19,-5,152,83,69,-4,1110,60,5.714285714
......5661,368,3,3,0,35,25,10,0,378,10,2.717391304
......5680,295,5,1,4,33,28,5,0,304,9,3.050847458
......5693,2494,35,20,15,283,205,78,9,2596,102,4.089815557
......5804,1542,16,10,6,118,136,-18,-1,1529,-13,-0.84306096
......5923,186,2,0,2,24,14,10,-4,194,8,4.301075269
......5551,493,3,0,3,32,31,1,0,497,4,0.811359026
......5552,629,8,3,5,53,42,11,-1,644,15,2.384737679
......5553,1028,5,3,2,86,87,-1,-2,1027,-1,-0.097276265
......5554,961,11,6,5,83,81,2,2,970,9,0.936524454
......5555,381,7,11,-4,44,44,0,0,377,-4,-1.049868766
......5556,427,1,1,0,23,26,-3,1,425,-2,-0.468384075
......5557,200,1,4,-3,36,23,13,0,210,10,5
......5559,412,4,4,0,43,36,7,2,421,9,2.184466019
......5560,232,0,0,0,9,12,-3,0,229,-3,-1.293103448
......5561,3316,28,31,-3,253,285,-32,-1,3280,-36,-1.085645356
......5562,123,0,0,0,8,12,-4,0,119,-4,-3.25203252
......5563,162,4,0,4,9,11,-2,-1,163,1,0.617283951
......5564,101,0,0,0,13,13,0,0,101,0,0
......5565,500,2,3,-1,24,47,-23,0,476,-24,-4.8
......5566,390,4,2,2,32,39,-7,3,388,-2,-0.512820513
......5568,4912,56,56,0,462,477,-15,19,4916,4,0.081433225
......5571,790,5,6,-1,104,52,52,3,844,54,6.835443038
......5741,240,2,1,1,16,23,-7,3,237,-3,-1.25
......5742,291,6,2,4,42,25,17,2,314,23,7.903780069
......5743,630,7,5,2,48,40,8,1,641,11,1.746031746
......5744,1114,13,20,-7,147,169,-22,7,1092,-22,-1.97486535
......5745,1057,14,6,8,75,79,-4,-5,1056,-1,-0.094607379
......5746,940,10,5,5,59,78,-19,0,926,-14,-1.489361702
......5747,188,3,1,2,10,9,1,1,192,4,2.127659575
......5748,258,2,3,-1,22,19,3,2,262,4,1.550387597
......5749,4833,57,19,38,432,401,31,1,4903,70,1.44837575
......5750,176,1,1,0,8,3,5,0,181,5,2.840909091
......5752,351,6,4,2,65,32,33,-7,379,28,7.977207977
......5754,303,5,2,3,22,20,2,1,309,6,1.98019802
......5755,405,5,3,2,43,35,8,1,416,11,2.716049383
......5756,471,6,1,5,26,22,4,1,481,10,2.123142251
......5757,6903,82,48,34,616,556,60,-10,6987,84,1.216862234
......5758,159,0,3,-3,17,12,5,0,161,2,1.257861635
......5759,196,1,0,1,24,15,9,4,210,14,7.142857143
......5760,472,9,0,9,22,18,4,0,485,13,2.754237288
......5761,547,5,5,0,59,63,-4,7,550,3,0.54844607
......5762,141,1,0,1,4,10,-6,1,137,-4,-2.836879433
......5763,625,5,4,1,35,32,3,0,629,4,0.64
......5764,3750,40,26,14,440,400,40,47,3851,101,2.693333333
......5765,492,6,1,5,30,43,-13,1,485,-7,-1.422764228
......5766,562,3,2,1,55,35,20,1,584,22,3.914590747
......5871,1467,17,12,5,149,126,23,-2,1493,26,1.772324472
......5872,4670,49,63,-14,270,323,-53,-6,4597,-73,-1.563169165
......5873,873,5,14,-9,77,72,5,-1,868,-5,-0.572737686
......5902,368,4,1,3,26,19,7,0,378,10,2.717391304
......5903,230,1,4,-3,8,10,-2,0,225,-5,-2.173913043
......5904,547,4,3,1,30,47,-17,2,533,-14,-2.559414991
......5905,651,8,1,7,54,35,19,-3,674,23,3.533026114
......5907,300,2,2,0,20,23,-3,1,298,-2,-0.666666667
......5908,139,1,2,-1,17,18,-1,1,138,-1,-0.71942446
......5909,669,5,2,3,65,35,30,1,703,34,5.082212257
......5910,376,7,4,3,22,20,2,-1,380,4,1.063829787
......5911,238,6,3,3,9,10,-1,0,240,2,0.840336135
......5912,126,3,0,3,21,6,15,2,146,20,15.87301587
......5913,782,9,6,3,92,69,23,1,809,27,3.452685422
......5914,351,4,2,2,31,21,10,-2,361,10,2.849002849
......5919,616,10,4,6,68,72,-4,-2,616,0,0
......5921,218,6,2,4,32,22,10,0,232,14,6.422018349
......5922,734,3,5,-2,44,59,-15,-1,716,-18,-2.452316076
......5924,292,3,3,0,75,32,43,1,336,44,15.06849315
......5925,201,0,1,-1,17,23,-6,0,194,-7,-3.482587065
......5926,760,13,6,7,55,41,14,4,785,25,3.289473684
......5928,171,4,0,4,24,11,13,-2,186,15,8.771929825
......5929,606,7,3,4,34,43,-9,3,604,-2,-0.330033003
......5930,199,0,1,-1,28,26,2,0,200,1,0.502512563
......5931,445,1,1,0,59,55,4,2,451,6,1.348314607
......5932,210,4,3,1,20,14,6,1,218,8,3.80952381
......5933,692,9,4,5,53,46,7,1,705,13,1.878612717
......5934,247,2,1,1,11,17,-6,-3,239,-8,-3.238866397
......5935,105,0,0,0,7,6,1,0,106,1,0.952380952
......5937,134,1,0,1,14,26,-12,-1,122,-12,-8.955223881
......5938,29977,366,259,107,2163,2126,37,22,30143,166,0.553757881
......5939,3250,40,33,7,350,240,110,-18,3349,99,3.046153846
......5582,4366,54,29,25,391,425,-34,0,4357,-9,-0.206138342
......5584,9326,105,53,52,994,1042,-48,3,9333,7,0.075058975
......5585,1447,12,7,5,121,102,19,-2,1469,22,1.520387008
......5586,137810,1733,997,736,14233,14031,202,157,138905,1095,0.794572237
......5587,7888,101,55,46,949,801,148,15,8097,209,2.649594321
......5592,3345,24,29,-5,256,313,-57,15,3298,-47,-1.405082212
......5581,3555,39,10,29,422,355,67,4,3655,100,2.812939522
......5588,1478,16,8,8,138,145,-7,2,1481,3,0.202976996
......5590,17972,164,172,-8,1958,1771,187,9,18160,188,1.046071667
......5601,2253,34,35,-1,271,254,17,-14,2255,2,0.088770528
......5604,2075,24,10,14,158,163,-5,-1,2083,8,0.385542169
......5606,9891,88,115,-27,1016,876,140,-18,9986,95,0.960469113
......5607,2863,36,13,23,295,281,14,2,2902,39,1.362207475
......5609,358,4,3,1,33,39,-6,-1,352,-6,-1.675977654
......5610,393,2,1,1,36,36,0,1,395,2,0.508905852
......5611,3312,32,22,10,321,293,28,-2,3348,36,1.086956522
......5613,5290,40,40,0,454,441,13,-18,5285,-5,-0.094517958
......5788,335,4,3,1,58,46,12,-1,347,12,3.582089552
......5790,449,3,2,1,70,44,26,-1,475,26,5.79064588
......5792,621,9,0,9,100,82,18,-1,647,26,4.186795491
......5799,1919,16,13,3,159,177,-18,-3,1901,-18,-0.937988536
......5805,5423,66,41,25,482,459,23,-10,5461,38,0.700719159
......5806,2815,35,27,8,248,219,29,-5,2847,32,1.136767318
......5421,1413,15,19,-4,148,115,33,-2,1440,27,1.910828026
......5422,3281,28,16,12,367,395,-28,-2,3263,-18,-0.548613228
......5423,509,2,4,-2,49,31,18,-1,524,15,2.946954813
......5424,302,5,1,4,20,22,-2,-3,301,-1,-0.331125828
......5425,1551,17,13,4,163,142,21,-4,1572,21,1.353965184
......5426,472,1,3,-2,55,45,10,1,481,9,1.906779661
......5427,892,7,7,0,87,85,2,2,896,4,0.448430493
......5428,1951,19,30,-11,239,163,76,0,2016,65,3.331624808
......5431,293,4,3,1,34,30,4,2,300,7,2.389078498
......5432,515,7,4,3,70,59,11,3,532,17,3.300970874
......5435,688,7,4,3,47,58,-11,2,682,-6,-0.872093023
......5436,349,5,3,2,42,23,19,-5,365,16,4.584527221
......5437,424,2,4,-2,38,34,4,-3,423,-1,-0.235849057
......5474,422,4,4,0,24,26,-2,1,421,-1,-0.236966825
......5475,143,2,1,1,5,8,-3,0,141,-2,-1.398601399
......5476,296,3,1,2,17,18,-1,1,298,2,0.675675676
......5477,3642,43,12,31,484,338,146,-6,3813,171,4.695222405
......5478,484,4,0,4,44,55,-11,1,478,-6,-1.239669421
......5479,481,10,4,6,31,39,-8,0,479,-2,-0.415800416
......5481,222,4,0,4,17,15,2,1,229,7,3.153153153
......5482,1036,12,6,6,149,98,51,0,1093,57,5.501930502
......5483,316,3,1,2,26,24,2,1,321,5,1.582278481
......5484,901,15,5,10,92,89,3,3,917,16,1.775804662
......5485,408,1,1,0,24,29,-5,0,403,-5,-1.225490196
......5486,1031,10,6,4,83,117,-34,-1,1000,-31,-3.006789525
......5488,53,0,1,-1,9,1,8,0,60,7,13.20754717
......5490,304,2,3,-1,31,22,9,1,313,9,2.960526316
......5491,400,4,3,1,38,20,18,-1,418,18,4.5
......5492,964,7,3,4,116,97,19,-1,986,22,2.282157676
......5493,370,1,15,-14,41,36,5,-4,357,-13,-3.513513514
......5494,1118,8,1,7,97,97,0,1,1126,8,0.715563506
......5497,860,11,14,-3,111,116,-5,1,853,-7,-0.813953488
......5498,2586,33,33,0,270,255,15,-5,2596,10,0.386697603
......5499,459,3,7,-4,85,30,55,-5,505,46,10.02178649
......5500,242,0,5,-5,20,24,-4,0,233,-9,-3.719008264
......5621,521,5,4,1,66,50,16,6,544,23,4.414587332
......5622,517,5,3,2,66,38,28,0,547,30,5.80270793
......5623,622,4,3,1,57,44,13,5,641,19,3.054662379
......5625,370,4,2,2,37,33,4,-2,374,4,1.081081081
......5628,341,6,1,5,34,42,-8,0,338,-3,-0.879765396
......5629,175,4,0,4,24,13,11,-1,189,14,8
......5631,767,12,3,9,76,81,-5,3,774,7,0.912646675
......5632,1625,10,7,3,172,182,-10,-1,1617,-8,-0.492307692
......5633,2738,20,15,5,361,340,21,-2,2762,24,0.876552228
......5634,2642,26,37,-11,320,243,77,-2,2706,64,2.422407267
......5636,2916,31,32,-1,288,292,-4,8,2919,3,0.102880658
......5637,1007,14,5,9,83,89,-6,2,1012,5,0.49652433
......5638,2528,20,33,-13,209,232,-23,-1,2491,-37,-1.463607595
......5639,787,6,4,2,66,61,5,0,794,7,0.889453621
......5640,645,5,6,-1,69,46,23,1,668,23,3.565891473
......5642,15889,177,152,25,1402,1500,-98,22,15838,-51,-0.320976776
......5643,5292,66,22,44,475,531,-56,6,5286,-6,-0.113378685
......5644,371,7,3,4,65,57,8,-1,382,11,2.964959569
......5645,478,1,1,0,39,43,-4,-5,469,-9,-1.882845188
......5646,5687,46,27,19,546,563,-17,-7,5682,-5,-0.087919817
......5649,1866,19,8,11,199,201,-2,4,1879,13,0.696677385
......5650,199,1,2,-1,27,26,1,0,199,0,0
......5652,594,3,4,-1,79,54,25,-4,614,20,3.367003367
......5653,843,3,6,-3,112,66,46,-2,884,41,4.863582444
......5654,460,3,2,1,73,39,34,4,499,39,8.47826087
......5655,1382,17,8,9,145,150,-5,0,1386,4,0.289435601
......5851,435,6,3,3,57,57,0,0,438,3,0.689655172
......5429,458,2,1,1,43,33,10,0,469,11,2.401746725
......5430,435,5,2,3,60,44,16,0,454,19,4.367816092
......5434,992,8,7,1,123,83,40,-5,1028,36,3.629032258
......5701,223,2,1,1,25,25,0,0,224,1,0.448430493
......5702,2629,14,14,0,220,200,20,7,2656,27,1.027006466
......5703,1317,9,3,6,129,103,26,2,1351,34,2.581624905
......5704,1884,19,16,3,209,188,21,2,1910,26,1.380042463
......5705,900,4,2,2,116,105,11,-3,910,10,1.111111111
......5706,1121,12,2,10,91,92,-1,-1,1129,8,0.713648528
......5707,1305,14,5,9,146,150,-4,-4,1306,1,0.076628353
......5708,938,9,4,5,134,107,27,-8,962,24,2.558635395
......5709,1237,7,6,1,108,125,-17,-1,1220,-17,-1.374292643
......5710,491,5,1,4,28,39,-11,-1,483,-8,-1.629327902
......5711,2824,12,20,-8,336,311,25,7,2848,24,0.849858357
......5712,3151,29,13,16,330,342,-12,-3,3152,1,0.031735957
......5713,2193,14,16,-2,249,240,9,-18,2182,-11,-0.501595987
......5714,1201,16,3,13,82,133,-51,-10,1153,-48,-3.996669442
......5715,1070,10,4,6,111,105,6,-2,1080,10,0.934579439
......5716,1521,24,3,21,214,152,62,-3,1601,80,5.259697567
......5717,3720,44,11,33,410,374,36,7,3796,76,2.043010753
......5718,1930,11,8,3,205,191,14,-10,1937,7,0.362694301
......5719,1210,5,3,2,111,116,-5,3,1210,0,0
......5720,1020,10,4,6,62,93,-31,-6,989,-31,-3.039215686
......5721,12997,169,48,121,1146,1180,-34,-6,13078,81,0.623220743
......5722,380,3,2,1,26,30,-4,4,381,1,0.263157895
......5723,1989,16,20,-4,307,217,90,-25,2050,61,3.066867773
......5724,20272,278,119,159,1978,1910,68,34,20533,261,1.287490134
......5725,4062,30,17,13,332,340,-8,5,4072,10,0.246184146
......5726,1158,10,4,6,102,108,-6,9,1167,9,0.777202073
......5727,2497,27,16,11,267,228,39,0,2547,50,2.002402884
......5728,542,10,2,8,79,54,25,-9,566,24,4.42804428
......5729,1553,6,9,-3,187,144,43,2,1595,42,2.704443014
......5730,1446,9,3,6,90,147,-57,7,1402,-44,-3.042876902
......5731,1265,10,9,1,97,94,3,5,1274,9,0.711462451
......5732,980,12,5,7,147,118,29,6,1022,42,4.285714286
......5852,487,5,1,4,40,41,-1,-3,487,0,0
......5853,768,8,4,4,93,129,-36,2,738,-30,-3.90625
......5854,359,1,1,0,36,35,1,-1,359,0,0
......5855,638,2,1,1,63,62,1,-1,639,1,0.156739812
......5856,695,6,4,2,51,59,-8,2,691,-4,-0.575539568
......5857,1235,15,5,10,187,119,68,-4,1309,74,5.991902834
......5858,624,3,2,1,70,83,-13,-7,605,-19,-3.044871795
......5859,2693,23,16,7,245,230,15,-7,2708,15,0.556999629
......5860,1459,12,9,3,190,143,47,-1,1508,49,3.358464702
......5861,6168,69,40,29,668,640,28,-7,6218,50,0.810635538
......5862,236,5,2,3,26,27,-1,-3,235,-1,-0.423728814
......5863,352,2,1,1,46,29,17,0,370,18,5.113636364
......5583,7869,85,51,34,1218,1115,103,31,8037,168,2.13495997
......5589,12063,140,89,51,1342,1346,-4,0,12110,47,0.389621156
......5591,20523,262,166,96,2650,2261,389,28,21036,513,2.499634556
......5624,8268,94,37,57,1149,843,306,14,8645,377,4.559748428
......5627,7585,118,26,92,993,1021,-28,0,7649,64,0.8437706
......5635,12342,129,98,31,1692,1575,117,-2,12488,146,1.18295252
......5648,4148,57,22,35,913,588,325,0,4508,360,8.678881389
......5651,845,11,4,7,167,82,85,-3,934,89,10.53254438
......5841,3474,27,54,-27,213,228,-15,1,3433,-41,-1.18019574
......5842,544,8,6,2,44,47,-3,0,543,-1,-0.183823529
......5843,895,12,11,1,77,88,-11,4,889,-6,-0.670391061
......5881,6125,36,62,-26,591,500,91,0,6190,65,1.06122449
......5882,2908,27,50,-23,374,340,34,-5,2914,6,0.206327373
......5883,2220,15,20,-5,248,182,66,-3,2278,58,2.612612613
......5884,3420,29,20,9,300,319,-19,-9,3401,-19,-0.555555556
......5885,1488,10,17,-7,199,128,71,-2,1550,62,4.166666667
......5886,26629,235,274,-39,3376,3362,14,-30,26574,-55,-0.20654174
......5888,5126,38,39,-1,484,438,46,-8,5163,37,0.721810379
......5889,11652,107,102,5,1101,997,104,-9,11752,100,0.858221765
......5890,19780,228,145,83,2247,2272,-25,-11,19827,47,0.237613751
......5891,874,6,8,-2,114,118,-4,0,868,-6,-0.686498856
......6002,13158,119,129,-10,825,889,-64,25,13109,-49,-0.372397021
......6004,341,2,3,-1,17,17,0,0,340,-1,-0.293255132
......6007,9951,99,103,-4,525,477,48,-12,9983,32,0.321575721
......6008,2077,22,18,4,117,104,13,-2,2092,15,0.722195474
......6009,309,1,1,0,8,15,-7,2,304,-5,-1.618122977
......6010,891,6,3,3,56,41,15,4,913,22,2.469135803
......6011,78,0,1,-1,5,6,-1,1,77,-1,-1.282051282
......6021,3076,31,23,8,341,300,41,12,3137,61,1.983094929
......6022,3721,44,32,12,381,317,64,-10,3787,66,1.773716743
......6023,8674,88,73,15,689,694,-5,7,8691,17,0.19598801
......6024,6476,51,48,3,502,383,119,-3,6595,119,1.837554046
......6025,6135,68,25,43,504,404,100,-10,6268,133,2.167889161
......6031,8073,67,47,20,545,539,6,1,8100,27,0.334448161
......6032,182,1,2,-1,37,34,3,-3,181,-1,-0.549450549
......6033,755,11,4,7,32,26,6,-1,767,12,1.589403974
......6034,3220,31,34,-3,134,166,-32,5,3190,-30,-0.931677019
......6035,1011,9,7,2,93,73,20,1,1034,23,2.274975272
......6036,1942,23,14,9,135,84,51,-1,2001,59,3.038105046
......6052,395,2,0,2,20,31,-11,3,389,-6,-1.518987342
......6054,144,0,3,-3,5,10,-5,4,140,-4,-2.777777778
......6056,509,2,6,-4,31,37,-6,2,501,-8,-1.571709234
......6057,901,8,5,3,85,56,29,-15,918,17,1.886792453
......6058,321,4,1,3,25,17,8,2,334,13,4.049844237
......6061,295,5,0,5,28,17,11,-3,308,13,4.406779661
......6076,650,1,4,-3,41,30,11,4,662,12,1.846153846
......6077,1206,6,25,-19,87,79,8,8,1203,-3,-0.248756219
......6082,3935,35,40,-5,269,228,41,4,3975,40,1.016518424
......6083,1697,12,25,-13,74,56,18,-1,1701,4,0.235710077
......6084,1377,11,14,-3,64,50,14,3,1391,14,1.016702978
......6087,837,6,13,-7,54,55,-1,0,829,-8,-0.955794504
......6089,1813,25,7,18,130,142,-12,1,1820,7,0.386100386
......6090,1056,8,12,-4,114,100,14,2,1068,12,1.136363636
......6101,764,6,7,-1,43,45,-2,2,763,-1,-0.130890052
......6102,241,1,4,-3,17,12,5,0,243,2,0.829875519
......6104,186,2,2,0,3,2,1,1,188,2,1.075268817
......6109,110,2,1,1,8,12,-4,0,107,-3,-2.727272727
......6110,3947,46,37,9,206,226,-20,-10,3926,-21,-0.532049658
......6111,1433,6,7,-1,135,149,-14,-5,1413,-20,-1.395673412
......6112,123,0,0,0,4,1,3,-2,124,1,0.81300813
......6113,1470,16,10,6,118,84,34,1,1511,41,2.789115646
......6116,619,5,3,2,31,27,4,0,625,6,0.969305331
......6117,421,3,5,-2,8,11,-3,2,418,-3,-0.712589074
......6118,1965,20,18,2,139,137,2,-5,1964,-1,-0.050890585
......6119,1108,13,9,4,77,88,-11,5,1106,-2,-0.180505415
......6131,880,12,10,2,88,56,32,-3,911,31,3.522727273
......6132,1734,21,10,11,198,136,62,-8,1799,65,3.748558247
......6133,8622,83,65,18,649,540,109,-12,8737,115,1.333797263
......6134,830,7,10,-3,32,26,6,-6,827,-3,-0.361445783
......6135,3135,33,33,0,310,266,44,-6,3173,38,1.212121212
......6136,17998,196,166,30,1493,1316,177,-31,18174,176,0.977886432
......6137,2305,12,16,-4,236,235,1,-5,2297,-8,-0.347071584
......6139,3035,35,22,13,282,255,27,4,3079,44,1.449752883
......6140,2541,20,17,3,214,183,31,-1,2574,33,1.298701299
......6141,5645,61,37,24,581,448,133,-28,5774,129,2.285208149
......6142,174,1,1,0,34,27,7,2,183,9,5.172413793
......6151,1324,12,9,3,110,83,27,-12,1342,18,1.359516616
......6152,8863,89,51,38,752,624,128,-11,9018,155,1.748843507
......6153,17573,171,127,44,1152,1200,-48,-6,17563,-10,-0.05690548
......6154,3937,30,21,9,518,450,68,-19,3995,58,1.473202946
......6155,905,16,6,10,155,130,25,23,963,58,6.408839779
......6156,4568,43,31,12,306,271,35,-13,4602,34,0.744308231
......6157,1902,11,12,-1,145,151,-6,-7,1888,-14,-0.736067298
......6158,2594,19,21,-2,255,195,60,-6,2646,52,2.00462606
......6159,4052,50,44,6,419,340,79,1,4138,86,2.122408687
......6172,30,0,0,0,2,0,2,0,32,2,6.666666667
......6173,932,11,4,7,87,48,39,-2,976,44,4.721030043
......6177,432,2,4,-2,18,15,3,-1,432,0,0
......6181,488,0,3,-3,31,38,-7,3,481,-7,-1.43442623
......6191,622,3,7,-4,38,34,4,1,623,1,0.160771704
......6192,293,0,4,-4,11,6,5,0,294,1,0.341296928
......6193,728,9,4,5,23,40,-17,-1,715,-13,-1.785714286
......6194,443,6,4,2,13,23,-10,3,438,-5,-1.128668172
......6195,250,0,1,-1,9,7,2,0,251,1,0.4
......6197,340,1,4,-3,8,13,-5,-1,331,-9,-2.647058824
......6198,696,10,8,2,42,38,4,1,703,7,1.005747126
......6199,1936,18,11,7,108,126,-18,5,1930,-6,-0.309917355
......6201,412,3,2,1,29,19,10,-2,421,9,2.184466019
......6202,570,4,4,0,11,9,2,-1,571,1,0.175438597
......6203,681,7,4,3,62,55,7,-13,678,-3,-0.440528634
......6204,1565,11,11,0,114,107,7,-3,1569,4,0.255591054
......6205,442,9,4,5,31,29,2,0,449,7,1.583710407
......6211,750,7,7,0,90,63,27,3,780,30,4
......6212,911,18,7,11,86,82,4,4,930,19,2.085620198
......6213,1234,15,9,6,150,119,31,-11,1260,26,2.106969206
......6214,419,6,5,1,70,98,-28,-5,387,-32,-7.637231504
......6215,1823,23,11,12,123,154,-31,-2,1802,-21,-1.15194734
......6217,4566,38,50,-12,374,336,38,3,4595,29,0.635129216
......6218,1394,12,14,-2,97,109,-12,-6,1374,-20,-1.43472023
......6219,1881,16,6,10,163,167,-4,-1,1886,5,0.265816055
......6220,735,5,9,-4,61,44,17,0,748,13,1.768707483
......6232,3466,46,31,15,270,228,42,5,3528,62,1.78880554
......6235,1615,12,10,2,144,185,-41,4,1580,-35,-2.167182663
......6238,2415,23,17,6,194,195,-1,-9,2411,-4,-0.16563147
......6239,566,0,7,-7,52,45,7,-1,565,-1,-0.176678445
......6240,4047,33,33,0,396,323,73,42,4162,115,2.84161107
......6241,1354,14,5,9,102,124,-22,7,1348,-6,-0.443131462
......6246,2263,20,18,2,216,163,53,-2,2316,53,2.342023862
......6248,16817,183,159,24,1190,1140,50,-31,16860,43,0.255693643
......6249,1251,18,10,8,91,87,4,1,1264,13,1.039168665
......6250,1804,14,17,-3,150,118,32,-1,1832,28,1.55210643
......6252,2719,16,21,-5,161,151,10,-3,2721,2,0.073556455
......6253,10711,76,94,-18,1267,1302,-35,-93,10565,-146,-1.363084679
......6261,1219,14,11,3,102,70,32,5,1259,40,3.281378179
......6263,3279,31,22,9,264,212,52,-10,3330,51,1.555352242
......6265,7532,70,65,5,468,391,77,-20,7594,62,0.823154541
......6266,34353,351,288,63,2522,2377,145,38,34599,246,0.716094664
......6267,611,8,5,3,64,65,-1,0,613,2,0.327332242
......6281,1308,14,6,8,59,53,6,2,1324,16,1.22324159
......6282,201,1,2,-1,2,5,-3,0,197,-4,-1.990049751
......6283,300,0,4,-4,8,3,5,0,301,1,0.333333333
......6285,1313,13,22,-9,59,65,-6,-5,1293,-20,-1.523229246
......6286,661,6,6,0,37,31,6,2,669,8,1.210287443
......6287,444,5,4,1,29,24,5,-6,444,0,0
......6288,386,3,5,-2,19,26,-7,0,377,-9,-2.331606218
......6289,366,3,10,-7,15,22,-7,-3,349,-17,-4.644808743
......6290,1636,16,17,-1,148,168,-20,-18,1597,-39,-2.383863081
......6291,1023,6,6,0,48,47,1,3,1027,4,0.391006843
......6292,2265,9,17,-8,78,105,-27,-3,2227,-38,-1.677704194
......6293,1119,7,9,-2,62,71,-9,-7,1101,-18,-1.608579088
......6294,558,5,7,-2,17,25,-8,-5,543,-15,-2.688172043
......6295,1237,12,7,5,164,87,77,-24,1295,58,4.688763137
......6296,471,2,4,-2,13,10,3,-2,470,-1,-0.212314225
......6297,7726,90,50,40,669,572,97,28,7891,165,2.135645871
......6298,1363,11,11,0,39,48,-9,-3,1351,-12,-0.880410858
......6299,280,1,1,0,10,10,0,2,282,2,0.714285714
......6300,5714,52,27,25,557,608,-51,-45,5643,-71,-1.242562128
......6402,3829,27,31,-4,221,247,-26,-15,3784,-45,-1.175241577
......6404,5846,78,31,47,766,528,238,-7,6124,278,4.7553883
......6407,4732,36,31,5,398,382,16,-13,4740,8,0.169061708
......6408,4777,61,44,17,370,390,-20,0,4774,-3,-0.062800921
......6409,248,4,3,1,29,25,4,-1,252,4,1.612903226
......6410,2014,17,15,2,162,155,7,-2,2021,7,0.347567031
......6411,239,1,2,-1,19,17,2,0,240,1,0.418410042
......6412,5926,51,74,-23,624,710,-86,8,5825,-101,-1.704353696
......6413,1237,13,5,8,120,91,29,-8,1266,29,2.344381568
......6414,2465,17,23,-6,164,215,-51,-9,2399,-66,-2.677484787
......6415,273,3,1,2,20,32,-12,5,268,-5,-1.831501832
......6416,8986,85,71,14,726,664,62,-54,9008,22,0.244825284
......6421,38965,419,363,56,1857,2250,-393,-3,38625,-340,-0.872577955
......6422,205,1,3,-2,8,7,1,1,205,0,0
......6423,958,9,20,-11,78,50,28,-9,966,8,0.835073069
......6431,1041,6,14,-8,106,83,23,-8,1048,7,0.672430355
......6432,632,3,9,-6,31,31,0,1,627,-5,-0.791139241
......6433,268,3,0,3,7,14,-7,-1,263,-5,-1.865671642
......6434,329,3,2,1,18,29,-11,-2,317,-12,-3.647416413
......6435,499,4,1,3,29,36,-7,0,495,-4,-0.801603206
......6436,10433,100,111,-11,728,736,-8,-25,10389,-44,-0.421738714
......6437,1294,9,11,-2,100,109,-9,-8,1275,-19,-1.468315301
......6451,1594,17,10,7,112,131,-19,4,1586,-8,-0.501882058
......6452,1921,20,11,9,138,180,-42,-15,1873,-48,-2.498698594
......6453,274,1,2,-1,17,15,2,-1,274,0,0
......6454,2639,28,26,2,283,274,9,0,2650,11,0.416824555
......6455,4559,29,43,-14,446,348,98,4,4647,88,1.930247861
......6456,965,10,6,4,78,94,-16,-1,952,-13,-1.347150259
......6458,33772,364,291,73,3157,3413,-256,-11,33578,-194,-0.574440365
......6459,3232,26,26,0,284,250,34,-36,3230,-2,-0.061881188
......6461,4967,30,41,-11,381,397,-16,14,4954,-13,-0.261727401
......6485,506,10,4,6,50,59,-9,1,504,-2,-0.395256917
......6487,16832,166,129,37,1074,1062,12,26,16907,75,0.445579848
......6504,454,4,7,-3,32,43,-11,-5,435,-19,-4.185022026
......6511,706,6,11,-5,78,59,19,-2,718,12,1.699716714
......6512,10950,97,140,-43,497,665,-168,6,10745,-205,-1.872146119
......6601,1163,9,3,6,71,77,-6,6,1169,6,0.515907137
......6602,2495,20,8,12,284,412,-128,77,2456,-39,-1.563126253
......6603,1761,15,3,12,159,179,-20,10,1763,2,0.113571834
......6604,1405,10,6,4,132,123,9,16,1434,29,2.06405694
......6605,2244,23,13,10,181,250,-69,30,2215,-29,-1.292335116
......6606,3348,26,12,14,352,422,-70,30,3322,-26,-0.776583035
......6607,10045,95,66,29,885,975,-90,23,10007,-38,-0.378297661
......6608,21868,291,135,156,2860,2788,72,240,22336,468,2.140113408
......6609,894,6,1,5,118,71,47,10,956,62,6.935123043
......6610,766,11,2,9,77,60,17,-5,787,21,2.74151436
......6611,1647,13,2,11,185,156,29,4,1691,44,2.671523983
......6612,11489,120,167,-47,1575,1249,326,94,11862,373,3.246583689
......6613,8559,107,47,60,962,979,-17,106,8708,149,1.740857577
......6614,1115,12,4,8,130,118,12,14,1149,34,3.049327354
......6615,1671,9,4,5,163,172,-9,20,1687,16,0.957510473
......6616,8067,68,44,24,818,779,39,-4,8126,59,0.731374737
......6617,5461,74,48,26,549,529,20,24,5531,70,1.281816517
......6618,4587,23,29,-6,350,334,16,21,4618,31,0.675822978
......6619,2029,26,5,21,210,194,16,5,2071,42,2.069985214
......6620,1782,25,24,1,229,134,95,-17,1861,79,4.4332211
......6621,198979,2434,1397,1037,22666,20032,2634,-2102,200548,1569,0.788525422
......6622,2721,23,11,12,296,290,6,40,2779,58,2.131569276
......6623,12075,128,78,50,1429,1580,-151,157,12131,56,0.463768116
......6624,483,4,2,2,46,56,-10,6,481,-2,-0.414078675
......6625,1014,13,4,9,108,114,-6,19,1036,22,2.169625247
......6626,1264,10,6,4,143,114,29,-3,1294,30,2.373417722
......6627,654,2,5,-3,75,51,24,7,682,28,4.281345566
......6628,31661,347,199,148,3148,3007,141,-8,31942,281,0.887527242
......6629,2146,19,13,6,192,199,-7,-4,2141,-5,-0.232991612
......6630,23044,288,143,145,3116,2073,1043,-88,24144,1100,4.773476827
......6631,18825,195,175,20,1655,1654,1,131,18977,152,0.807436919
......6632,3028,27,9,18,304,328,-24,52,3074,46,1.519154558
......6633,10571,89,42,47,915,819,96,-17,10697,126,1.191940214
......6634,3794,25,33,-8,672,506,166,18,3970,176,4.638903532
......6635,649,6,9,-3,117,100,17,24,687,38,5.855161787
......6636,2345,32,10,22,313,217,96,-33,2430,85,3.624733476
......6637,540,5,3,2,41,44,-3,9,548,8,1.481481482
......6638,4102,39,27,12,333,332,1,-6,4109,7,0.170648464
......6639,767,4,31,-27,174,95,79,3,822,55,7.170795306
......6640,13906,100,90,10,1428,1373,55,120,14091,185,1.330360995
......6641,2274,17,11,6,284,186,98,34,2412,138,6.068601583
......6642,2521,16,17,-1,228,280,-52,36,2504,-17,-0.674335581
......6643,34983,407,159,248,3250,3701,-451,352,35132,149,0.425921162
......6644,13247,134,97,37,1470,1465,5,40,13329,82,0.619008077
......6645,11535,94,148,-54,1082,975,107,-48,11540,5,0.043346337
......6702,916,9,11,-2,58,56,2,-1,915,-1,-0.109170306
......6703,267,3,0,3,13,23,-10,1,261,-6,-2.247191011
......6704,483,1,4,-3,24,22,2,-1,481,-2,-0.414078675
......6705,465,5,3,2,38,26,12,2,481,16,3.440860215
......6706,444,5,3,2,17,33,-16,0,430,-14,-3.153153153
......6708,2882,46,16,30,362,281,81,2,2995,113,3.920888272
......6709,3256,38,26,12,217,215,2,-5,3265,9,0.276412776
......6710,2547,34,13,21,207,194,13,1,2582,35,1.374165685
......6711,12562,131,119,12,837,776,61,-10,12625,63,0.501512498
......6712,1408,8,12,-4,78,97,-19,0,1385,-23,-1.633522727
......6713,112,1,0,1,11,0,11,-4,120,8,7.142857143
......6715,490,1,5,-4,35,33,2,2,490,0,0
......6716,112,2,0,2,7,13,-6,-3,105,-7,-6.25
......6718,391,3,3,0,52,24,28,1,420,29,7.416879795
......6719,344,1,2,-1,29,18,11,-1,353,9,2.61627907
......6720,379,4,2,2,29,25,4,1,386,7,1.846965699
......6721,653,3,6,-3,52,59,-7,-2,641,-12,-1.837672282
......6722,249,4,4,0,23,9,14,2,265,16,6.425702811
......6724,462,2,4,-2,48,61,-13,1,448,-14,-3.03030303
......6728,71,0,0,0,1,5,-4,0,67,-4,-5.633802817
......6729,6908,47,60,-13,387,350,37,-4,6928,20,0.289519398
......6730,2641,35,20,15,173,132,41,1,2698,57,2.158273381
......6741,314,3,2,1,23,23,0,-1,314,0,0
......6742,1219,17,3,14,82,70,12,3,1248,29,2.37899918
......6743,1511,18,7,11,97,82,15,-1,1536,25,1.654533422
......6744,100,1,2,-1,0,9,-9,-1,89,-11,-11
......6745,142,1,1,0,6,9,-3,-1,138,-4,-2.816901408
......6748,502,4,6,-2,24,25,-1,0,499,-3,-0.597609562
......6750,669,5,5,0,28,30,-2,-3,664,-5,-0.747384155
......6751,629,8,5,3,48,52,-4,-5,623,-6,-0.953895072
......6753,504,4,3,1,24,35,-11,-1,493,-11,-2.182539683
......6754,1845,18,15,3,113,110,3,5,1856,11,0.596205962
......6757,2556,31,25,6,174,198,-24,20,2558,2,0.078247261
......6758,228,1,1,0,16,17,-1,-1,226,-2,-0.877192982
......6759,134,0,2,-2,6,6,0,0,132,-2,-1.492537313
......6771,1817,12,18,-6,105,83,22,-1,1832,15,0.825536599
......6773,127,0,2,-2,7,13,-6,0,119,-8,-6.299212598
......6774,1205,6,14,-8,59,48,11,3,1211,6,0.497925311
......6775,665,3,15,-12,68,56,12,-3,662,-3,-0.45112782
......6778,685,2,10,-8,28,46,-18,0,659,-26,-3.795620438
......6781,732,4,7,-3,39,34,5,-1,733,1,0.136612022
......6782,1050,12,9,3,55,77,-22,-13,1018,-32,-3.047619048
......6783,293,4,4,0,21,20,1,-1,293,0,0
......6784,2295,28,24,4,155,150,5,-2,2302,7,0.305010893
......6785,761,8,9,-1,52,30,22,0,782,21,2.759526938
......6787,178,1,1,0,11,5,6,0,184,6,3.370786517
......6789,365,2,6,-4,24,22,2,-2,361,-4,-1.095890411
......6790,1686,22,20,2,95,107,-12,2,1678,-8,-0.474495848
......6792,397,1,10,-9,11,10,1,-1,388,-9,-2.267002519
......6793,182,5,0,5,15,8,7,-4,190,8,4.395604396
......6800,6876,51,71,-20,450,509,-59,12,6809,-67,-0.974403723
......6803,157,1,1,0,2,3,-1,0,156,-1,-0.636942675
......6806,557,7,5,2,33,34,-1,-1,557,0,0
......6807,1225,6,14,-8,64,59,5,-10,1212,-13,-1.06122449
......6808,1321,11,16,-5,69,72,-3,-10,1303,-18,-1.362604088
......6809,941,8,7,1,68,63,5,1,948,7,0.743889479
......6810,1212,7,11,-4,61,94,-33,1,1176,-36,-2.97029703